OTU_97.10000,Stool
OTU_97.10003,Supragingival_plaque
OTU_97.10003,Left_Retroauricular_crease
OTU_97.10003,Anterior_nares
OTU_97.10005,Anterior_nares
OTU_97.10007,Buccal_mucosa
OTU_97.10036,Hard_palate
OTU_97.1005,Anterior_nares
OTU_97.10050,Posterior_fornix
OTU_97.10050,Tongue_dorsum
OTU_97.10056,Supragingival_plaque
OTU_97.10056,Palatine_Tonsils
OTU_97.10056,Right_Retroauricular_crease
OTU_97.10078,Left_Retroauricular_crease
OTU_97.1008,Tongue_dorsum
OTU_97.1008,Right_Retroauricular_crease
OTU_97.10081,Throat
OTU_97.10081,Buccal_mucosa
OTU_97.10085,Saliva
OTU_97.10085,Anterior_nares
OTU_97.10098,Stool
OTU_97.10098,Posterior_fornix
OTU_97.10098,Left_Retroauricular_crease
OTU_97.10100,Stool
OTU_97.10108,Subgingival_plaque
OTU_97.10111,Supragingival_plaque
OTU_97.10111,Palatine_Tonsils
OTU_97.10120,Hard_palate
OTU_97.10129,Tongue_dorsum
OTU_97.10131,Attached_Keratinized_gingiva
OTU_97.10133,Throat
OTU_97.10133,Left_Retroauricular_crease
OTU_97.1014,Right_Retroauricular_crease
OTU_97.10159,Mid_vagina
OTU_97.10169,Subgingival_plaque
OTU_97.1017,Stool
OTU_97.1017,Saliva
OTU_97.10170,Left_Retroauricular_crease
OTU_97.10190,Throat
OTU_97.10190,Supragingival_plaque
OTU_97.10190,Saliva
OTU_97.10190,Hard_palate
OTU_97.10194,Subgingival_plaque
OTU_97.10194,Attached_Keratinized_gingiva
OTU_97.10201,Saliva
OTU_97.10207,Subgingival_plaque
OTU_97.10216,Palatine_Tonsils
OTU_97.10216,Tongue_dorsum
OTU_97.10216,Anterior_nares
OTU_97.1022,Palatine_Tonsils
OTU_97.10238,Anterior_nares
OTU_97.10240,Throat
OTU_97.10240,Attached_Keratinized_gingiva
OTU_97.10240,Palatine_Tonsils
OTU_97.10245,Right_Retroauricular_crease
OTU_97.10259,Stool
OTU_97.10259,Anterior_nares
OTU_97.10274,Anterior_nares
OTU_97.1028,Tongue_dorsum
OTU_97.10283,Posterior_fornix
OTU_97.10289,Throat
OTU_97.10289,Mid_vagina
OTU_97.10293,Throat
OTU_97.10294,Supragingival_plaque
OTU_97.10298,Left_Retroauricular_crease
OTU_97.103,Stool
OTU_97.103,Saliva
OTU_97.10312,Tongue_dorsum
OTU_97.10322,Left_Retroauricular_crease
OTU_97.10325,Throat
OTU_97.10342,Stool
OTU_97.10342,Palatine_Tonsils
OTU_97.10345,Saliva
OTU_97.10347,Subgingival_plaque
OTU_97.10347,Posterior_fornix
OTU_97.10347,Hard_palate
OTU_97.10349,Mid_vagina
OTU_97.10349,Tongue_dorsum
OTU_97.10355,Stool
OTU_97.10355,Mid_vagina
OTU_97.10364,Right_Retroauricular_crease
OTU_97.10366,Attached_Keratinized_gingiva
OTU_97.10366,Hard_palate
OTU_97.10370,Throat
OTU_97.1038,Palatine_Tonsils
OTU_97.10395,Posterior_fornix
OTU_97.104,Posterior_fornix
OTU_97.104,Left_Retroauricular_crease
OTU_97.1040,Supragingival_plaque
OTU_97.1040,Palatine_Tonsils
OTU_97.1040,Tongue_dorsum
OTU_97.10415,Buccal_mucosa
OTU_97.10415,Hard_palate
OTU_97.1042,Throat
OTU_97.1042,Palatine_Tonsils
OTU_97.10423,Anterior_nares
OTU_97.10425,Posterior_fornix
OTU_97.10425,Right_Retroauricular_crease
OTU_97.10426,Buccal_mucosa
OTU_97.1043,Throat
OTU_97.10436,Attached_Keratinized_gingiva
OTU_97.10439,Stool
OTU_97.10439,Posterior_fornix
OTU_97.10439,Mid_vagina
OTU_97.10439,Buccal_mucosa
OTU_97.10460,Posterior_fornix
OTU_97.10460,Hard_palate
OTU_97.10484,Tongue_dorsum
OTU_97.10484,Right_Retroauricular_crease
OTU_97.10488,Throat
OTU_97.10488,Posterior_fornix
OTU_97.10488,Buccal_mucosa
OTU_97.10489,Anterior_nares
OTU_97.10490,Saliva
OTU_97.10490,Posterior_fornix
OTU_97.10490,Hard_palate
OTU_97.10496,Stool
OTU_97.10496,Attached_Keratinized_gingiva
OTU_97.10496,Anterior_nares
OTU_97.10497,Supragingival_plaque
OTU_97.10499,Supragingival_plaque
OTU_97.10499,Saliva
OTU_97.10499,Right_Retroauricular_crease
OTU_97.10504,Palatine_Tonsils
OTU_97.10504,Anterior_nares
OTU_97.10509,Mid_vagina
OTU_97.10509,Buccal_mucosa
OTU_97.10513,Tongue_dorsum
OTU_97.10515,Throat
OTU_97.10515,Posterior_fornix
OTU_97.10515,Right_Retroauricular_crease
OTU_97.10517,Saliva
OTU_97.10517,Mid_vagina
OTU_97.10517,Buccal_mucosa
OTU_97.10517,Hard_palate
OTU_97.10528,Posterior_fornix
OTU_97.10528,Palatine_Tonsils
OTU_97.10534,Throat
OTU_97.10534,Saliva
OTU_97.10534,Hard_palate
OTU_97.10538,Left_Retroauricular_crease
OTU_97.1054,Buccal_mucosa
OTU_97.1054,Tongue_dorsum
OTU_97.1054,Left_Retroauricular_crease
OTU_97.10548,Right_Retroauricular_crease
OTU_97.10550,Tongue_dorsum
OTU_97.10555,Hard_palate
OTU_97.10558,Stool
OTU_97.10558,Mid_vagina
OTU_97.10568,Anterior_nares
OTU_97.10569,Stool
OTU_97.10569,Mid_vagina
OTU_97.10569,Right_Retroauricular_crease
OTU_97.10575,Right_Retroauricular_crease
OTU_97.10595,Supragingival_plaque
OTU_97.10595,Posterior_fornix
OTU_97.10597,Mid_vagina
OTU_97.106,Attached_Keratinized_gingiva
OTU_97.106,Left_Retroauricular_crease
OTU_97.1060,Hard_palate
OTU_97.10604,Throat
OTU_97.10604,Subgingival_plaque
OTU_97.10613,Throat
OTU_97.10630,Stool
OTU_97.10647,Palatine_Tonsils
OTU_97.10647,Tongue_dorsum
OTU_97.10648,Throat
OTU_97.10648,Attached_Keratinized_gingiva
OTU_97.10648,Hard_palate
OTU_97.1065,Stool
OTU_97.1065,Mid_vagina
OTU_97.1065,Left_Retroauricular_crease
OTU_97.10651,Subgingival_plaque
OTU_97.10651,Posterior_fornix
OTU_97.10651,Palatine_Tonsils
OTU_97.10656,Right_Retroauricular_crease
OTU_97.10658,Buccal_mucosa
OTU_97.10667,Hard_palate
OTU_97.10667,Anterior_nares
OTU_97.10670,Buccal_mucosa
OTU_97.10672,Palatine_Tonsils
OTU_97.10672,Left_Retroauricular_crease
OTU_97.10682,Posterior_fornix
OTU_97.10688,Anterior_nares
OTU_97.10692,Supragingival_plaque
OTU_97.10692,Attached_Keratinized_gingiva
OTU_97.10692,Posterior_fornix
OTU_97.10692,Tongue_dorsum
OTU_97.10698,Posterior_fornix
OTU_97.107,Stool
OTU_97.107,Left_Retroauricular_crease
OTU_97.10712,Saliva
OTU_97.10726,Supragingival_plaque
OTU_97.10726,Buccal_mucosa
OTU_97.10726,Left_Retroauricular_crease
OTU_97.10730,Right_Retroauricular_crease
OTU_97.10732,Subgingival_plaque
OTU_97.10732,Tongue_dorsum
OTU_97.10738,Mid_vagina
OTU_97.10747,Throat
OTU_97.1075,Supragingival_plaque
OTU_97.10757,Right_Retroauricular_crease
OTU_97.10764,Mid_vagina
OTU_97.10764,Buccal_mucosa
OTU_97.10764,Left_Retroauricular_crease
OTU_97.10771,Stool
OTU_97.10771,Attached_Keratinized_gingiva
OTU_97.10772,Supragingival_plaque
OTU_97.10772,Anterior_nares
OTU_97.10778,Buccal_mucosa
OTU_97.10781,Supragingival_plaque
OTU_97.10783,Subgingival_plaque
OTU_97.10788,Buccal_mucosa
OTU_97.10791,Stool
OTU_97.10791,Left_Retroauricular_crease
OTU_97.108,Right_Retroauricular_crease
OTU_97.10810,Throat
OTU_97.10812,Throat
OTU_97.10823,Subgingival_plaque
OTU_97.10823,Palatine_Tonsils
OTU_97.10840,Buccal_mucosa
OTU_97.10840,Tongue_dorsum
OTU_97.10840,Hard_palate
OTU_97.10843,Subgingival_plaque
OTU_97.10843,Attached_Keratinized_gingiva
OTU_97.10853,Supragingival_plaque
OTU_97.10853,Attached_Keratinized_gingiva
OTU_97.10860,Posterior_fornix
OTU_97.10867,Supragingival_plaque
OTU_97.10879,Stool
OTU_97.10885,Palatine_Tonsils
OTU_97.10885,Anterior_nares
OTU_97.10895,Stool
OTU_97.109,Stool
OTU_97.109,Hard_palate
OTU_97.10900,Palatine_Tonsils
OTU_97.10910,Stool
OTU_97.10910,Right_Retroauricular_crease
OTU_97.10912,Saliva
OTU_97.10912,Tongue_dorsum
OTU_97.10925,Right_Retroauricular_crease
OTU_97.10940,Saliva
OTU_97.10940,Hard_palate
OTU_97.10942,Saliva
OTU_97.10944,Stool
OTU_97.10946,Mid_vagina
OTU_97.10947,Throat
OTU_97.10947,Buccal_mucosa
OTU_97.1095,Anterior_nares
OTU_97.10953,Subgingival_plaque
OTU_97.10959,Hard_palate
OTU_97.10959,Anterior_nares
OTU_97.10960,Attached_Keratinized_gingiva
OTU_97.10964,Posterior_fornix
OTU_97.10964,Hard_palate
OTU_97.10965,Subgingival_plaque
OTU_97.10965,Supragingival_plaque
OTU_97.10965,Left_Retroauricular_crease
OTU_97.10971,Attached_Keratinized_gingiva
OTU_97.10971,Mid_vagina
OTU_97.10977,Mid_vagina
OTU_97.10981,Attached_Keratinized_gingiva
OTU_97.10982,Subgingival_plaque
OTU_97.10985,Saliva
OTU_97.10985,Palatine_Tonsils
OTU_97.10994,Saliva
OTU_97.10994,Posterior_fornix
OTU_97.10998,Mid_vagina
OTU_97.10998,Buccal_mucosa
OTU_97.10998,Right_Retroauricular_crease
OTU_97.11001,Anterior_nares
OTU_97.11011,Supragingival_plaque
OTU_97.11023,Supragingival_plaque
OTU_97.11028,Mid_vagina
OTU_97.11028,Left_Retroauricular_crease
OTU_97.11055,Posterior_fornix
OTU_97.11108,Tongue_dorsum
OTU_97.11108,Hard_palate
OTU_97.11120,Subgingival_plaque
OTU_97.11120,Posterior_fornix
OTU_97.11132,Tongue_dorsum
OTU_97.11135,Throat
OTU_97.1114,Stool
OTU_97.1114,Tongue_dorsum
OTU_97.11156,Subgingival_plaque
OTU_97.11163,Subgingival_plaque
OTU_97.11163,Saliva
OTU_97.11163,Palatine_Tonsils
OTU_97.11165,Mid_vagina
OTU_97.11170,Buccal_mucosa
OTU_97.11180,Attached_Keratinized_gingiva
OTU_97.11180,Tongue_dorsum
OTU_97.11182,Saliva
OTU_97.11196,Attached_Keratinized_gingiva
OTU_97.11196,Mid_vagina
OTU_97.11202,Posterior_fornix
OTU_97.11207,Subgingival_plaque
OTU_97.11248,Supragingival_plaque
OTU_97.11248,Attached_Keratinized_gingiva
OTU_97.11254,Buccal_mucosa
OTU_97.11254,Left_Retroauricular_crease
OTU_97.11258,Saliva
OTU_97.11267,Throat
OTU_97.11274,Posterior_fornix
OTU_97.11283,Mid_vagina
OTU_97.11283,Buccal_mucosa
OTU_97.11283,Hard_palate
OTU_97.11296,Attached_Keratinized_gingiva
OTU_97.11297,Mid_vagina
OTU_97.11303,Hard_palate
OTU_97.11308,Stool
OTU_97.11308,Saliva
OTU_97.11321,Throat
OTU_97.11321,Posterior_fornix
OTU_97.11324,Mid_vagina
OTU_97.11324,Left_Retroauricular_crease
OTU_97.1133,Saliva
OTU_97.1133,Anterior_nares
OTU_97.11352,Subgingival_plaque
OTU_97.11352,Palatine_Tonsils
OTU_97.11365,Posterior_fornix
OTU_97.11366,Supragingival_plaque
OTU_97.11366,Mid_vagina
OTU_97.11368,Posterior_fornix
OTU_97.11368,Left_Retroauricular_crease
OTU_97.11382,Mid_vagina
OTU_97.11393,Mid_vagina
OTU_97.1140,Palatine_Tonsils
OTU_97.11404,Subgingival_plaque
OTU_97.1141,Stool
OTU_97.1141,Mid_vagina
OTU_97.11410,Tongue_dorsum
OTU_97.11410,Hard_palate
OTU_97.11410,Right_Retroauricular_crease
OTU_97.11411,Throat
OTU_97.11411,Saliva
OTU_97.11416,Subgingival_plaque
OTU_97.1143,Supragingival_plaque
OTU_97.1143,Saliva
OTU_97.11440,Attached_Keratinized_gingiva
OTU_97.11440,Buccal_mucosa
OTU_97.11453,Posterior_fornix
OTU_97.11459,Supragingival_plaque
OTU_97.11459,Buccal_mucosa
OTU_97.115,Anterior_nares
OTU_97.11501,Left_Retroauricular_crease
OTU_97.11504,Mid_vagina
OTU_97.11508,Subgingival_plaque
OTU_97.11508,Attached_Keratinized_gingiva
OTU_97.11508,Anterior_nares
OTU_97.1151,Throat
OTU_97.11510,Saliva
OTU_97.11510,Palatine_Tonsils
OTU_97.11520,Right_Retroauricular_crease
OTU_97.11525,Mid_vagina
OTU_97.11543,Right_Retroauricular_crease
OTU_97.11548,Posterior_fornix
OTU_97.11551,Supragingival_plaque
OTU_97.11551,Anterior_nares
OTU_97.11554,Supragingival_plaque
OTU_97.11554,Tongue_dorsum
OTU_97.11558,Throat
OTU_97.11564,Buccal_mucosa
OTU_97.1157,Saliva
OTU_97.1157,Anterior_nares
OTU_97.11570,Posterior_fornix
OTU_97.11570,Palatine_Tonsils
OTU_97.11571,Stool
OTU_97.11571,Hard_palate
OTU_97.11586,Attached_Keratinized_gingiva
OTU_97.1159,Subgingival_plaque
OTU_97.11593,Saliva
OTU_97.11593,Anterior_nares
OTU_97.11613,Subgingival_plaque
OTU_97.11613,Supragingival_plaque
OTU_97.11613,Buccal_mucosa
OTU_97.11622,Stool
OTU_97.11622,Subgingival_plaque
OTU_97.11624,Tongue_dorsum
OTU_97.11627,Buccal_mucosa
OTU_97.11627,Right_Retroauricular_crease
OTU_97.1164,Tongue_dorsum
OTU_97.11644,Tongue_dorsum
OTU_97.11660,Throat
OTU_97.11660,Saliva
OTU_97.11662,Stool
OTU_97.11673,Posterior_fornix
OTU_97.11673,Mid_vagina
OTU_97.11673,Left_Retroauricular_crease
OTU_97.11677,Attached_Keratinized_gingiva
OTU_97.11681,Saliva
OTU_97.11681,Mid_vagina
OTU_97.11681,Hard_palate
OTU_97.11681,Anterior_nares
OTU_97.11691,Attached_Keratinized_gingiva
OTU_97.11691,Tongue_dorsum
OTU_97.11700,Supragingival_plaque
OTU_97.11709,Subgingival_plaque
OTU_97.11709,Saliva
OTU_97.11709,Anterior_nares
OTU_97.11711,Posterior_fornix
OTU_97.11711,Mid_vagina
OTU_97.11711,Anterior_nares
OTU_97.11718,Hard_palate
OTU_97.11726,Saliva
OTU_97.11741,Supragingival_plaque
OTU_97.11741,Right_Retroauricular_crease
OTU_97.11744,Buccal_mucosa
OTU_97.1175,Stool
OTU_97.1175,Subgingival_plaque
OTU_97.1175,Saliva
OTU_97.1175,Posterior_fornix
OTU_97.1176,Anterior_nares
OTU_97.11762,Palatine_Tonsils
OTU_97.11765,Throat
OTU_97.11765,Palatine_Tonsils
OTU_97.11784,Subgingival_plaque
OTU_97.11784,Saliva
OTU_97.11786,Supragingival_plaque
OTU_97.11786,Saliva
OTU_97.11789,Anterior_nares
OTU_97.11801,Tongue_dorsum
OTU_97.11801,Hard_palate
OTU_97.11804,Saliva
OTU_97.11804,Hard_palate
OTU_97.11805,Hard_palate
OTU_97.11806,Subgingival_plaque
OTU_97.11806,Supragingival_plaque
OTU_97.11806,Mid_vagina
OTU_97.11809,Buccal_mucosa
OTU_97.11809,Tongue_dorsum
OTU_97.11809,Right_Retroauricular_crease
OTU_97.11810,Supragingival_plaque
OTU_97.11813,Hard_palate
OTU_97.11819,Attached_Keratinized_gingiva
OTU_97.1183,Left_Retroauricular_crease
OTU_97.11835,Tongue_dorsum
OTU_97.11853,Throat
OTU_97.11853,Supragingival_plaque
OTU_97.11855,Mid_vagina
OTU_97.11855,Tongue_dorsum
OTU_97.11857,Attached_Keratinized_gingiva
OTU_97.11857,Hard_palate
OTU_97.11879,Throat
OTU_97.11879,Saliva
OTU_97.11879,Posterior_fornix
OTU_97.11879,Hard_palate
OTU_97.1188,Palatine_Tonsils
OTU_97.1188,Hard_palate
OTU_97.11883,Posterior_fornix
OTU_97.11883,Hard_palate
OTU_97.1189,Throat
OTU_97.1189,Hard_palate
OTU_97.11890,Left_Retroauricular_crease
OTU_97.119,Throat
OTU_97.119,Subgingival_plaque
OTU_97.119,Supragingival_plaque
OTU_97.119,Mid_vagina
OTU_97.119,Buccal_mucosa
OTU_97.119,Hard_palate
OTU_97.119,Right_Retroauricular_crease
OTU_97.11904,Right_Retroauricular_crease
OTU_97.11917,Left_Retroauricular_crease
OTU_97.11920,Supragingival_plaque
OTU_97.11936,Anterior_nares
OTU_97.11946,Hard_palate
OTU_97.11950,Mid_vagina
OTU_97.11950,Left_Retroauricular_crease
OTU_97.11988,Left_Retroauricular_crease
OTU_97.11992,Palatine_Tonsils
OTU_97.11996,Anterior_nares
OTU_97.120,Tongue_dorsum
OTU_97.1200,Supragingival_plaque
OTU_97.1200,Buccal_mucosa
OTU_97.1200,Hard_palate
OTU_97.1200,Left_Retroauricular_crease
OTU_97.12010,Buccal_mucosa
OTU_97.12014,Anterior_nares
OTU_97.1202,Throat
OTU_97.1202,Mid_vagina
OTU_97.1203,Stool
OTU_97.1203,Supragingival_plaque
OTU_97.1203,Palatine_Tonsils
OTU_97.1203,Right_Retroauricular_crease
OTU_97.12030,Stool
OTU_97.12041,Throat
OTU_97.1205,Supragingival_plaque
OTU_97.1205,Buccal_mucosa
OTU_97.12058,Posterior_fornix
OTU_97.12058,Mid_vagina
OTU_97.12058,Palatine_Tonsils
OTU_97.1206,Right_Retroauricular_crease
OTU_97.12067,Throat
OTU_97.12077,Hard_palate
OTU_97.12079,Tongue_dorsum
OTU_97.12088,Palatine_Tonsils
OTU_97.12088,Anterior_nares
OTU_97.12090,Throat
OTU_97.12101,Saliva
OTU_97.12101,Anterior_nares
OTU_97.12107,Supragingival_plaque
OTU_97.12107,Palatine_Tonsils
OTU_97.12109,Stool
OTU_97.12118,Stool
OTU_97.12119,Buccal_mucosa
OTU_97.12119,Hard_palate
OTU_97.12119,Right_Retroauricular_crease
OTU_97.12125,Subgingival_plaque
OTU_97.12125,Supragingival_plaque
OTU_97.12125,Posterior_fornix
OTU_97.12131,Subgingival_plaque
OTU_97.1215,Stool
OTU_97.1215,Posterior_fornix
OTU_97.1215,Hard_palate
OTU_97.12159,Throat
OTU_97.12164,Throat
OTU_97.12164,Saliva
OTU_97.12179,Tongue_dorsum
OTU_97.12179,Anterior_nares
OTU_97.12185,Tongue_dorsum
OTU_97.12200,Mid_vagina
OTU_97.12200,Hard_palate
OTU_97.12201,Supragingival_plaque
OTU_97.12205,Attached_Keratinized_gingiva
OTU_97.12210,Hard_palate
OTU_97.12210,Anterior_nares
OTU_97.12218,Right_Retroauricular_crease
OTU_97.12224,Attached_Keratinized_gingiva
OTU_97.12224,Palatine_Tonsils
OTU_97.12227,Left_Retroauricular_crease
OTU_97.12227,Anterior_nares
OTU_97.1224,Palatine_Tonsils
OTU_97.12241,Subgingival_plaque
OTU_97.12247,Palatine_Tonsils
OTU_97.1225,Supragingival_plaque
OTU_97.12267,Attached_Keratinized_gingiva
OTU_97.12267,Tongue_dorsum
OTU_97.12268,Throat
OTU_97.12268,Attached_Keratinized_gingiva
OTU_97.12268,Tongue_dorsum
OTU_97.12297,Buccal_mucosa
OTU_97.12302,Throat
OTU_97.12302,Hard_palate
OTU_97.12309,Throat
OTU_97.12309,Anterior_nares
OTU_97.12312,Throat
OTU_97.12312,Buccal_mucosa
OTU_97.12329,Attached_Keratinized_gingiva
OTU_97.12329,Mid_vagina
OTU_97.12337,Left_Retroauricular_crease
OTU_97.12340,Throat
OTU_97.12340,Right_Retroauricular_crease
OTU_97.1235,Posterior_fornix
OTU_97.12350,Tongue_dorsum
OTU_97.12365,Supragingival_plaque
OTU_97.12371,Stool
OTU_97.12371,Palatine_Tonsils
OTU_97.12371,Right_Retroauricular_crease
OTU_97.12373,Attached_Keratinized_gingiva
OTU_97.12373,Buccal_mucosa
OTU_97.12375,Saliva
OTU_97.12391,Throat
OTU_97.12393,Left_Retroauricular_crease
OTU_97.12394,Subgingival_plaque
OTU_97.12394,Posterior_fornix
OTU_97.12394,Right_Retroauricular_crease
OTU_97.12398,Throat
OTU_97.12398,Mid_vagina
OTU_97.12398,Right_Retroauricular_crease
OTU_97.12416,Throat
OTU_97.12416,Saliva
OTU_97.12416,Posterior_fornix
OTU_97.12416,Tongue_dorsum
OTU_97.12443,Anterior_nares
OTU_97.12448,Subgingival_plaque
OTU_97.12448,Left_Retroauricular_crease
OTU_97.12453,Saliva
OTU_97.12453,Mid_vagina
OTU_97.12454,Stool
OTU_97.12473,Throat
OTU_97.1248,Attached_Keratinized_gingiva
OTU_97.12480,Posterior_fornix
OTU_97.12494,Supragingival_plaque
OTU_97.12494,Hard_palate
OTU_97.12494,Anterior_nares
OTU_97.12495,Mid_vagina
OTU_97.12508,Palatine_Tonsils
OTU_97.12509,Subgingival_plaque
OTU_97.12509,Tongue_dorsum
OTU_97.12509,Right_Retroauricular_crease
OTU_97.12510,Throat
OTU_97.12510,Subgingival_plaque
OTU_97.12510,Anterior_nares
OTU_97.12512,Saliva
OTU_97.12512,Anterior_nares
OTU_97.12513,Attached_Keratinized_gingiva
OTU_97.12515,Subgingival_plaque
OTU_97.12515,Attached_Keratinized_gingiva
OTU_97.12519,Saliva
OTU_97.12519,Right_Retroauricular_crease
OTU_97.12522,Palatine_Tonsils
OTU_97.12526,Hard_palate
OTU_97.12530,Stool
OTU_97.12530,Saliva
OTU_97.12530,Mid_vagina
OTU_97.12540,Stool
OTU_97.12540,Posterior_fornix
OTU_97.12540,Mid_vagina
OTU_97.12540,Buccal_mucosa
OTU_97.12541,Palatine_Tonsils
OTU_97.12541,Right_Retroauricular_crease
OTU_97.12543,Subgingival_plaque
OTU_97.12546,Palatine_Tonsils
OTU_97.12546,Right_Retroauricular_crease
OTU_97.12548,Palatine_Tonsils
OTU_97.12548,Tongue_dorsum
OTU_97.12553,Subgingival_plaque
OTU_97.12572,Supragingival_plaque
OTU_97.12572,Posterior_fornix
OTU_97.12572,Anterior_nares
OTU_97.12578,Buccal_mucosa
OTU_97.12590,Stool
OTU_97.12598,Mid_vagina
OTU_97.12598,Palatine_Tonsils
OTU_97.12598,Hard_palate
OTU_97.12598,Left_Retroauricular_crease
OTU_97.126,Right_Retroauricular_crease
OTU_97.12629,Right_Retroauricular_crease
OTU_97.12654,Supragingival_plaque
OTU_97.12654,Saliva
OTU_97.12660,Posterior_fornix
OTU_97.12660,Palatine_Tonsils
OTU_97.12660,Anterior_nares
OTU_97.12669,Attached_Keratinized_gingiva
OTU_97.12669,Palatine_Tonsils
OTU_97.12676,Tongue_dorsum
OTU_97.1268,Supragingival_plaque
OTU_97.1268,Right_Retroauricular_crease
OTU_97.12685,Left_Retroauricular_crease
OTU_97.12686,Throat
OTU_97.12686,Left_Retroauricular_crease
OTU_97.1269,Supragingival_plaque
OTU_97.12695,Palatine_Tonsils
OTU_97.12696,Saliva
OTU_97.12698,Tongue_dorsum
OTU_97.12698,Right_Retroauricular_crease
OTU_97.12698,Anterior_nares
OTU_97.1270,Stool
OTU_97.1270,Mid_vagina
OTU_97.1270,Palatine_Tonsils
OTU_97.1270,Left_Retroauricular_crease
OTU_97.12709,Posterior_fornix
OTU_97.12717,Hard_palate
OTU_97.12728,Buccal_mucosa
OTU_97.12731,Buccal_mucosa
OTU_97.12731,Hard_palate
OTU_97.12735,Supragingival_plaque
OTU_97.12735,Left_Retroauricular_crease
OTU_97.12739,Mid_vagina
OTU_97.12748,Supragingival_plaque
OTU_97.12748,Attached_Keratinized_gingiva
OTU_97.12748,Posterior_fornix
OTU_97.1275,Right_Retroauricular_crease
OTU_97.1275,Anterior_nares
OTU_97.12753,Left_Retroauricular_crease
OTU_97.12756,Attached_Keratinized_gingiva
OTU_97.12756,Posterior_fornix
OTU_97.12757,Buccal_mucosa
OTU_97.12757,Tongue_dorsum
OTU_97.12757,Hard_palate
OTU_97.12759,Left_Retroauricular_crease
OTU_97.12759,Anterior_nares
OTU_97.12769,Supragingival_plaque
OTU_97.12769,Attached_Keratinized_gingiva
OTU_97.12777,Hard_palate
OTU_97.12778,Left_Retroauricular_crease
OTU_97.128,Stool
OTU_97.1280,Posterior_fornix
OTU_97.12801,Stool
OTU_97.12803,Subgingival_plaque
OTU_97.12803,Posterior_fornix
OTU_97.12814,Mid_vagina
OTU_97.12817,Mid_vagina
OTU_97.1284,Throat
OTU_97.1284,Tongue_dorsum
OTU_97.12842,Throat
OTU_97.12842,Saliva
OTU_97.12856,Saliva
OTU_97.12857,Buccal_mucosa
OTU_97.12857,Right_Retroauricular_crease
OTU_97.12863,Throat
OTU_97.12869,Stool
OTU_97.12869,Tongue_dorsum
OTU_97.12869,Left_Retroauricular_crease
OTU_97.12882,Saliva
OTU_97.12893,Stool
OTU_97.12895,Subgingival_plaque
OTU_97.12895,Supragingival_plaque
OTU_97.12899,Tongue_dorsum
OTU_97.129,Saliva
OTU_97.12901,Supragingival_plaque
OTU_97.12901,Posterior_fornix
OTU_97.12926,Supragingival_plaque
OTU_97.12926,Saliva
OTU_97.12941,Stool
OTU_97.12942,Saliva
OTU_97.12942,Buccal_mucosa
OTU_97.12942,Palatine_Tonsils
OTU_97.12947,Left_Retroauricular_crease
OTU_97.12949,Left_Retroauricular_crease
OTU_97.12950,Mid_vagina
OTU_97.12960,Throat
OTU_97.12960,Subgingival_plaque
OTU_97.12960,Tongue_dorsum
OTU_97.12961,Supragingival_plaque
OTU_97.12976,Stool
OTU_97.1298,Saliva
OTU_97.12980,Attached_Keratinized_gingiva
OTU_97.12983,Left_Retroauricular_crease
OTU_97.12983,Right_Retroauricular_crease
OTU_97.13007,Left_Retroauricular_crease
OTU_97.13007,Anterior_nares
OTU_97.1301,Posterior_fornix
OTU_97.13014,Buccal_mucosa
OTU_97.13020,Stool
OTU_97.13020,Supragingival_plaque
OTU_97.13022,Attached_Keratinized_gingiva
OTU_97.13022,Posterior_fornix
OTU_97.13027,Anterior_nares
OTU_97.13030,Buccal_mucosa
OTU_97.13037,Attached_Keratinized_gingiva
OTU_97.13039,Palatine_Tonsils
OTU_97.13047,Supragingival_plaque
OTU_97.13047,Buccal_mucosa
OTU_97.13047,Palatine_Tonsils
OTU_97.13056,Left_Retroauricular_crease
OTU_97.13064,Supragingival_plaque
OTU_97.13064,Palatine_Tonsils
OTU_97.13067,Palatine_Tonsils
OTU_97.13074,Subgingival_plaque
OTU_97.13094,Anterior_nares
OTU_97.13099,Posterior_fornix
OTU_97.131,Anterior_nares
OTU_97.1310,Posterior_fornix
OTU_97.13107,Saliva
OTU_97.13107,Right_Retroauricular_crease
OTU_97.1311,Hard_palate
OTU_97.13113,Supragingival_plaque
OTU_97.13113,Palatine_Tonsils
OTU_97.13116,Left_Retroauricular_crease
OTU_97.13117,Subgingival_plaque
OTU_97.13117,Right_Retroauricular_crease
OTU_97.13126,Mid_vagina
OTU_97.13126,Tongue_dorsum
OTU_97.13131,Mid_vagina
OTU_97.13138,Supragingival_plaque
OTU_97.13138,Hard_palate
OTU_97.13147,Palatine_Tonsils
OTU_97.13150,Subgingival_plaque
OTU_97.13150,Posterior_fornix
OTU_97.13153,Throat
OTU_97.13173,Hard_palate
OTU_97.13176,Buccal_mucosa
OTU_97.13176,Right_Retroauricular_crease
OTU_97.1318,Left_Retroauricular_crease
OTU_97.13183,Saliva
OTU_97.13189,Subgingival_plaque
OTU_97.13189,Left_Retroauricular_crease
OTU_97.13196,Saliva
OTU_97.13198,Posterior_fornix
OTU_97.13198,Mid_vagina
OTU_97.13201,Subgingival_plaque
OTU_97.13201,Palatine_Tonsils
OTU_97.1321,Attached_Keratinized_gingiva
OTU_97.1321,Buccal_mucosa
OTU_97.13213,Attached_Keratinized_gingiva
OTU_97.13213,Mid_vagina
OTU_97.13215,Stool
OTU_97.13215,Mid_vagina
OTU_97.13215,Anterior_nares
OTU_97.13221,Hard_palate
OTU_97.13223,Right_Retroauricular_crease
OTU_97.13229,Palatine_Tonsils
OTU_97.13230,Stool
OTU_97.13240,Throat
OTU_97.13240,Supragingival_plaque
OTU_97.13240,Attached_Keratinized_gingiva
OTU_97.13247,Subgingival_plaque
OTU_97.13247,Hard_palate
OTU_97.13253,Throat
OTU_97.13253,Buccal_mucosa
OTU_97.13256,Right_Retroauricular_crease
OTU_97.13269,Subgingival_plaque
OTU_97.13269,Supragingival_plaque
OTU_97.13269,Attached_Keratinized_gingiva
OTU_97.13272,Saliva
OTU_97.13272,Tongue_dorsum
OTU_97.13299,Palatine_Tonsils
OTU_97.133,Hard_palate
OTU_97.13315,Saliva
OTU_97.13315,Palatine_Tonsils
OTU_97.13315,Left_Retroauricular_crease
OTU_97.1333,Right_Retroauricular_crease
OTU_97.13334,Subgingival_plaque
OTU_97.13334,Saliva
OTU_97.13334,Tongue_dorsum
OTU_97.13336,Throat
OTU_97.13336,Palatine_Tonsils
OTU_97.13344,Stool
OTU_97.13344,Palatine_Tonsils
OTU_97.13351,Left_Retroauricular_crease
OTU_97.13353,Mid_vagina
OTU_97.13373,Palatine_Tonsils
OTU_97.1338,Attached_Keratinized_gingiva
OTU_97.13388,Saliva
OTU_97.13400,Saliva
OTU_97.13400,Anterior_nares
OTU_97.13401,Supragingival_plaque
OTU_97.13401,Left_Retroauricular_crease
OTU_97.13413,Subgingival_plaque
OTU_97.13420,Stool
OTU_97.13420,Right_Retroauricular_crease
OTU_97.1343,Throat
OTU_97.13441,Palatine_Tonsils
OTU_97.13451,Hard_palate
OTU_97.13451,Right_Retroauricular_crease
OTU_97.13459,Stool
OTU_97.13462,Palatine_Tonsils
OTU_97.13462,Anterior_nares
OTU_97.1347,Hard_palate
OTU_97.1348,Left_Retroauricular_crease
OTU_97.13494,Stool
OTU_97.13494,Buccal_mucosa
OTU_97.13494,Left_Retroauricular_crease
OTU_97.135,Palatine_Tonsils
OTU_97.135,Hard_palate
OTU_97.13510,Stool
OTU_97.13510,Attached_Keratinized_gingiva
OTU_97.13510,Saliva
OTU_97.13522,Buccal_mucosa
OTU_97.13527,Posterior_fornix
OTU_97.13532,Subgingival_plaque
OTU_97.13533,Subgingival_plaque
OTU_97.13533,Tongue_dorsum
OTU_97.13536,Subgingival_plaque
OTU_97.13536,Saliva
OTU_97.13536,Posterior_fornix
OTU_97.13542,Subgingival_plaque
OTU_97.13542,Saliva
OTU_97.13543,Mid_vagina
OTU_97.13543,Left_Retroauricular_crease
OTU_97.13549,Left_Retroauricular_crease
OTU_97.13556,Posterior_fornix
OTU_97.13556,Right_Retroauricular_crease
OTU_97.13576,Saliva
OTU_97.13576,Left_Retroauricular_crease
OTU_97.13581,Attached_Keratinized_gingiva
OTU_97.13581,Mid_vagina
OTU_97.13582,Stool
OTU_97.13582,Left_Retroauricular_crease
OTU_97.13599,Anterior_nares
OTU_97.13615,Stool
OTU_97.13615,Subgingival_plaque
OTU_97.13615,Buccal_mucosa
OTU_97.13620,Stool
OTU_97.13620,Hard_palate
OTU_97.13621,Attached_Keratinized_gingiva
OTU_97.13621,Mid_vagina
OTU_97.13624,Buccal_mucosa
OTU_97.13624,Palatine_Tonsils
OTU_97.13626,Saliva
OTU_97.13626,Anterior_nares
OTU_97.13629,Right_Retroauricular_crease
OTU_97.13642,Supragingival_plaque
OTU_97.13642,Palatine_Tonsils
OTU_97.13654,Supragingival_plaque
OTU_97.13654,Anterior_nares
OTU_97.1366,Palatine_Tonsils
OTU_97.13661,Supragingival_plaque
OTU_97.13661,Mid_vagina
OTU_97.13666,Attached_Keratinized_gingiva
OTU_97.13666,Posterior_fornix
OTU_97.13670,Hard_palate
OTU_97.13686,Left_Retroauricular_crease
OTU_97.13690,Left_Retroauricular_crease
OTU_97.13691,Right_Retroauricular_crease
OTU_97.13693,Saliva
OTU_97.137,Supragingival_plaque
OTU_97.137,Buccal_mucosa
OTU_97.13704,Throat
OTU_97.1371,Anterior_nares
OTU_97.13714,Buccal_mucosa
OTU_97.13719,Attached_Keratinized_gingiva
OTU_97.13721,Stool
OTU_97.13721,Mid_vagina
OTU_97.13721,Tongue_dorsum
OTU_97.13725,Hard_palate
OTU_97.13728,Attached_Keratinized_gingiva
OTU_97.13728,Left_Retroauricular_crease
OTU_97.13736,Tongue_dorsum
OTU_97.13745,Attached_Keratinized_gingiva
OTU_97.13747,Palatine_Tonsils
OTU_97.13747,Tongue_dorsum
OTU_97.13747,Right_Retroauricular_crease
OTU_97.13747,Anterior_nares
OTU_97.13762,Anterior_nares
OTU_97.13766,Subgingival_plaque
OTU_97.13768,Buccal_mucosa
OTU_97.13769,Saliva
OTU_97.1379,Throat
OTU_97.1379,Attached_Keratinized_gingiva
OTU_97.13790,Posterior_fornix
OTU_97.13790,Buccal_mucosa
OTU_97.13793,Mid_vagina
OTU_97.13799,Attached_Keratinized_gingiva
OTU_97.138,Stool
OTU_97.138,Anterior_nares
OTU_97.13812,Subgingival_plaque
OTU_97.13821,Supragingival_plaque
OTU_97.13823,Stool
OTU_97.13823,Throat
OTU_97.13823,Attached_Keratinized_gingiva
OTU_97.13823,Posterior_fornix
OTU_97.13837,Buccal_mucosa
OTU_97.13839,Buccal_mucosa
OTU_97.13844,Palatine_Tonsils
OTU_97.13844,Right_Retroauricular_crease
OTU_97.13861,Mid_vagina
OTU_97.13871,Subgingival_plaque
OTU_97.13873,Attached_Keratinized_gingiva
OTU_97.13873,Anterior_nares
OTU_97.13875,Posterior_fornix
OTU_97.13895,Right_Retroauricular_crease
OTU_97.13899,Subgingival_plaque
OTU_97.13912,Saliva
OTU_97.13912,Posterior_fornix
OTU_97.13914,Supragingival_plaque
OTU_97.13914,Right_Retroauricular_crease
OTU_97.13916,Tongue_dorsum
OTU_97.13916,Left_Retroauricular_crease
OTU_97.13918,Palatine_Tonsils
OTU_97.13921,Subgingival_plaque
OTU_97.13923,Throat
OTU_97.13923,Palatine_Tonsils
OTU_97.13946,Saliva
OTU_97.13946,Mid_vagina
OTU_97.13946,Palatine_Tonsils
OTU_97.13948,Buccal_mucosa
OTU_97.1395,Mid_vagina
OTU_97.13958,Saliva
OTU_97.13958,Mid_vagina
OTU_97.13960,Palatine_Tonsils
OTU_97.13963,Throat
OTU_97.13963,Right_Retroauricular_crease
OTU_97.13965,Subgingival_plaque
OTU_97.13965,Posterior_fornix
OTU_97.13965,Mid_vagina
OTU_97.1398,Mid_vagina
OTU_97.1398,Hard_palate
OTU_97.13991,Mid_vagina
OTU_97.13996,Stool
OTU_97.13996,Mid_vagina
OTU_97.13996,Palatine_Tonsils
OTU_97.14000,Throat
OTU_97.14000,Left_Retroauricular_crease
OTU_97.14013,Posterior_fornix
OTU_97.14013,Anterior_nares
OTU_97.14020,Saliva
OTU_97.14020,Palatine_Tonsils
OTU_97.14027,Right_Retroauricular_crease
OTU_97.14037,Tongue_dorsum
OTU_97.14037,Left_Retroauricular_crease
OTU_97.14051,Anterior_nares
OTU_97.14060,Buccal_mucosa
OTU_97.14071,Anterior_nares
OTU_97.1408,Right_Retroauricular_crease
OTU_97.1409,Stool
OTU_97.1410,Anterior_nares
OTU_97.14102,Stool
OTU_97.14102,Throat
OTU_97.14102,Right_Retroauricular_crease
OTU_97.14130,Mid_vagina
OTU_97.14130,Anterior_nares
OTU_97.14135,Tongue_dorsum
OTU_97.14144,Posterior_fornix
OTU_97.14147,Throat
OTU_97.14147,Anterior_nares
OTU_97.1416,Stool
OTU_97.1416,Palatine_Tonsils
OTU_97.1416,Tongue_dorsum
OTU_97.14176,Posterior_fornix
OTU_97.14178,Palatine_Tonsils
OTU_97.14190,Palatine_Tonsils
OTU_97.14190,Left_Retroauricular_crease
OTU_97.14192,Throat
OTU_97.14206,Stool
OTU_97.14206,Throat
OTU_97.14206,Saliva
OTU_97.14214,Stool
OTU_97.14215,Left_Retroauricular_crease
OTU_97.14234,Right_Retroauricular_crease
OTU_97.14238,Tongue_dorsum
OTU_97.14242,Supragingival_plaque
OTU_97.14242,Right_Retroauricular_crease
OTU_97.14243,Posterior_fornix
OTU_97.14267,Saliva
OTU_97.14267,Buccal_mucosa
OTU_97.14272,Hard_palate
OTU_97.14282,Buccal_mucosa
OTU_97.14283,Stool
OTU_97.14283,Posterior_fornix
OTU_97.14283,Right_Retroauricular_crease
OTU_97.14293,Stool
OTU_97.14296,Supragingival_plaque
OTU_97.143,Subgingival_plaque
OTU_97.14304,Subgingival_plaque
OTU_97.14304,Saliva
OTU_97.14306,Right_Retroauricular_crease
OTU_97.14314,Anterior_nares
OTU_97.14321,Supragingival_plaque
OTU_97.14337,Stool
OTU_97.14337,Buccal_mucosa
OTU_97.14337,Palatine_Tonsils
OTU_97.14340,Stool
OTU_97.14340,Throat
OTU_97.14346,Posterior_fornix
OTU_97.14350,Supragingival_plaque
OTU_97.14350,Saliva
OTU_97.14358,Stool
OTU_97.14358,Throat
OTU_97.14358,Anterior_nares
OTU_97.14368,Supragingival_plaque
OTU_97.14388,Buccal_mucosa
OTU_97.14388,Palatine_Tonsils
OTU_97.14391,Supragingival_plaque
OTU_97.14391,Left_Retroauricular_crease
OTU_97.14392,Subgingival_plaque
OTU_97.14402,Mid_vagina
OTU_97.14402,Right_Retroauricular_crease
OTU_97.14402,Anterior_nares
OTU_97.14404,Buccal_mucosa
OTU_97.14423,Supragingival_plaque
OTU_97.14426,Mid_vagina
OTU_97.14429,Throat
OTU_97.14430,Stool
OTU_97.14441,Attached_Keratinized_gingiva
OTU_97.14464,Posterior_fornix
OTU_97.14465,Anterior_nares
OTU_97.14479,Palatine_Tonsils
OTU_97.14480,Posterior_fornix
OTU_97.14480,Left_Retroauricular_crease
OTU_97.14481,Throat
OTU_97.14488,Anterior_nares
OTU_97.1449,Saliva
OTU_97.1449,Palatine_Tonsils
OTU_97.14495,Saliva
OTU_97.1450,Stool
OTU_97.1450,Left_Retroauricular_crease
OTU_97.14500,Palatine_Tonsils
OTU_97.14500,Anterior_nares
OTU_97.14504,Hard_palate
OTU_97.14519,Saliva
OTU_97.14519,Posterior_fornix
OTU_97.14529,Posterior_fornix
OTU_97.1455,Saliva
OTU_97.14558,Posterior_fornix
OTU_97.14559,Tongue_dorsum
OTU_97.14559,Hard_palate
OTU_97.14560,Hard_palate
OTU_97.14560,Left_Retroauricular_crease
OTU_97.14560,Right_Retroauricular_crease
OTU_97.14570,Subgingival_plaque
OTU_97.14570,Mid_vagina
OTU_97.1458,Stool
OTU_97.1458,Saliva
OTU_97.14608,Anterior_nares
OTU_97.14609,Throat
OTU_97.14616,Anterior_nares
OTU_97.14655,Buccal_mucosa
OTU_97.14655,Hard_palate
OTU_97.14661,Buccal_mucosa
OTU_97.14661,Right_Retroauricular_crease
OTU_97.14663,Supragingival_plaque
OTU_97.14664,Mid_vagina
OTU_97.14664,Anterior_nares
OTU_97.14675,Mid_vagina
OTU_97.14676,Mid_vagina
OTU_97.14676,Hard_palate
OTU_97.14676,Right_Retroauricular_crease
OTU_97.14680,Throat
OTU_97.14680,Subgingival_plaque
OTU_97.14688,Palatine_Tonsils
OTU_97.14691,Hard_palate
OTU_97.14698,Tongue_dorsum
OTU_97.14705,Subgingival_plaque
OTU_97.14707,Stool
OTU_97.14707,Left_Retroauricular_crease
OTU_97.14712,Buccal_mucosa
OTU_97.14717,Attached_Keratinized_gingiva
OTU_97.14725,Anterior_nares
OTU_97.14728,Posterior_fornix
OTU_97.14734,Attached_Keratinized_gingiva
OTU_97.14734,Hard_palate
OTU_97.14743,Tongue_dorsum
OTU_97.14743,Left_Retroauricular_crease
OTU_97.14749,Stool
OTU_97.14779,Attached_Keratinized_gingiva
OTU_97.14791,Attached_Keratinized_gingiva
OTU_97.14800,Left_Retroauricular_crease
OTU_97.14804,Stool
OTU_97.14809,Supragingival_plaque
OTU_97.14809,Left_Retroauricular_crease
OTU_97.14813,Hard_palate
OTU_97.1482,Buccal_mucosa
OTU_97.1482,Hard_palate
OTU_97.14837,Subgingival_plaque
OTU_97.14837,Buccal_mucosa
OTU_97.14861,Throat
OTU_97.14861,Left_Retroauricular_crease
OTU_97.14868,Stool
OTU_97.14869,Mid_vagina
OTU_97.14872,Attached_Keratinized_gingiva
OTU_97.14883,Posterior_fornix
OTU_97.14883,Palatine_Tonsils
OTU_97.14895,Throat
OTU_97.14895,Right_Retroauricular_crease
OTU_97.1490,Attached_Keratinized_gingiva
OTU_97.1490,Saliva
OTU_97.14903,Stool
OTU_97.14909,Buccal_mucosa
OTU_97.14911,Posterior_fornix
OTU_97.14913,Subgingival_plaque
OTU_97.14913,Attached_Keratinized_gingiva
OTU_97.14913,Mid_vagina
OTU_97.14915,Supragingival_plaque
OTU_97.14915,Mid_vagina
OTU_97.14926,Buccal_mucosa
OTU_97.14927,Palatine_Tonsils
OTU_97.14927,Left_Retroauricular_crease
OTU_97.14944,Saliva
OTU_97.14946,Mid_vagina
OTU_97.1495,Posterior_fornix
OTU_97.1495,Left_Retroauricular_crease
OTU_97.1496,Saliva
OTU_97.1496,Anterior_nares
OTU_97.14963,Subgingival_plaque
OTU_97.14963,Buccal_mucosa
OTU_97.14963,Palatine_Tonsils
OTU_97.14972,Supragingival_plaque
OTU_97.14977,Attached_Keratinized_gingiva
OTU_97.14978,Buccal_mucosa
OTU_97.14978,Left_Retroauricular_crease
OTU_97.14995,Mid_vagina
OTU_97.15001,Left_Retroauricular_crease
OTU_97.1501,Stool
OTU_97.1501,Right_Retroauricular_crease
OTU_97.15017,Supragingival_plaque
OTU_97.15020,Tongue_dorsum
OTU_97.15038,Supragingival_plaque
OTU_97.15052,Subgingival_plaque
OTU_97.15058,Posterior_fornix
OTU_97.15060,Attached_Keratinized_gingiva
OTU_97.15061,Throat
OTU_97.15061,Supragingival_plaque
OTU_97.15061,Tongue_dorsum
OTU_97.15061,Anterior_nares
OTU_97.15071,Left_Retroauricular_crease
OTU_97.15078,Left_Retroauricular_crease
OTU_97.15084,Anterior_nares
OTU_97.15086,Supragingival_plaque
OTU_97.15093,Subgingival_plaque
OTU_97.15093,Left_Retroauricular_crease
OTU_97.15095,Saliva
OTU_97.15099,Attached_Keratinized_gingiva
OTU_97.15105,Supragingival_plaque
OTU_97.15105,Tongue_dorsum
OTU_97.15115,Posterior_fornix
OTU_97.15116,Buccal_mucosa
OTU_97.15132,Supragingival_plaque
OTU_97.15132,Mid_vagina
OTU_97.15136,Anterior_nares
OTU_97.15139,Saliva
OTU_97.15139,Anterior_nares
OTU_97.15149,Left_Retroauricular_crease
OTU_97.15149,Right_Retroauricular_crease
OTU_97.15167,Stool
OTU_97.15167,Throat
OTU_97.15167,Subgingival_plaque
OTU_97.15178,Saliva
OTU_97.15178,Buccal_mucosa
OTU_97.15183,Posterior_fornix
OTU_97.15183,Right_Retroauricular_crease
OTU_97.1519,Throat
OTU_97.1519,Right_Retroauricular_crease
OTU_97.15198,Throat
OTU_97.15198,Saliva
OTU_97.15198,Palatine_Tonsils
OTU_97.15204,Palatine_Tonsils
OTU_97.15204,Hard_palate
OTU_97.15209,Supragingival_plaque
OTU_97.15209,Right_Retroauricular_crease
OTU_97.15216,Subgingival_plaque
OTU_97.15216,Hard_palate
OTU_97.15217,Mid_vagina
OTU_97.15217,Hard_palate
OTU_97.15223,Hard_palate
OTU_97.15223,Left_Retroauricular_crease
OTU_97.15224,Hard_palate
OTU_97.15226,Saliva
OTU_97.15226,Buccal_mucosa
OTU_97.15230,Throat
OTU_97.15235,Anterior_nares
OTU_97.15257,Stool
OTU_97.15257,Hard_palate
OTU_97.15261,Subgingival_plaque
OTU_97.15261,Supragingival_plaque
OTU_97.15265,Tongue_dorsum
OTU_97.15265,Left_Retroauricular_crease
OTU_97.15266,Attached_Keratinized_gingiva
OTU_97.15276,Saliva
OTU_97.15276,Left_Retroauricular_crease
OTU_97.15287,Buccal_mucosa
OTU_97.15287,Right_Retroauricular_crease
OTU_97.1529,Right_Retroauricular_crease
OTU_97.15296,Anterior_nares
OTU_97.15299,Attached_Keratinized_gingiva
OTU_97.15299,Posterior_fornix
OTU_97.15299,Buccal_mucosa
OTU_97.153,Buccal_mucosa
OTU_97.153,Hard_palate
OTU_97.153,Anterior_nares
OTU_97.1530,Anterior_nares
OTU_97.15300,Attached_Keratinized_gingiva
OTU_97.15312,Posterior_fornix
OTU_97.15328,Hard_palate
OTU_97.15333,Throat
OTU_97.15342,Hard_palate
OTU_97.15342,Left_Retroauricular_crease
OTU_97.15346,Saliva
OTU_97.15365,Subgingival_plaque
OTU_97.15365,Right_Retroauricular_crease
OTU_97.15379,Stool
OTU_97.15401,Hard_palate
OTU_97.15401,Right_Retroauricular_crease
OTU_97.15401,Anterior_nares
OTU_97.15421,Throat
OTU_97.15421,Subgingival_plaque
OTU_97.15421,Hard_palate
OTU_97.15431,Tongue_dorsum
OTU_97.15432,Buccal_mucosa
OTU_97.15432,Hard_palate
OTU_97.15438,Palatine_Tonsils
OTU_97.15438,Anterior_nares
OTU_97.1544,Attached_Keratinized_gingiva
OTU_97.15442,Palatine_Tonsils
OTU_97.15446,Anterior_nares
OTU_97.15448,Saliva
OTU_97.15448,Buccal_mucosa
OTU_97.15448,Tongue_dorsum
OTU_97.15448,Anterior_nares
OTU_97.15457,Subgingival_plaque
OTU_97.15457,Saliva
OTU_97.15457,Tongue_dorsum
OTU_97.1546,Right_Retroauricular_crease
OTU_97.1546,Anterior_nares
OTU_97.15472,Buccal_mucosa
OTU_97.15487,Hard_palate
OTU_97.15487,Anterior_nares
OTU_97.15508,Attached_Keratinized_gingiva
OTU_97.15514,Left_Retroauricular_crease
OTU_97.15528,Throat
OTU_97.15528,Tongue_dorsum
OTU_97.1553,Hard_palate
OTU_97.1553,Right_Retroauricular_crease
OTU_97.15536,Mid_vagina
OTU_97.15546,Throat
OTU_97.15554,Posterior_fornix
OTU_97.15554,Hard_palate
OTU_97.15580,Supragingival_plaque
OTU_97.15585,Saliva
OTU_97.15590,Throat
OTU_97.15590,Subgingival_plaque
OTU_97.15590,Attached_Keratinized_gingiva
OTU_97.15590,Mid_vagina
OTU_97.15590,Hard_palate
OTU_97.15597,Attached_Keratinized_gingiva
OTU_97.156,Tongue_dorsum
OTU_97.15616,Right_Retroauricular_crease
OTU_97.15619,Palatine_Tonsils
OTU_97.15621,Hard_palate
OTU_97.15623,Anterior_nares
OTU_97.15628,Stool
OTU_97.15630,Buccal_mucosa
OTU_97.15630,Palatine_Tonsils
OTU_97.15630,Left_Retroauricular_crease
OTU_97.15632,Buccal_mucosa
OTU_97.15634,Supragingival_plaque
OTU_97.1565,Stool
OTU_97.1565,Attached_Keratinized_gingiva
OTU_97.15661,Buccal_mucosa
OTU_97.15661,Palatine_Tonsils
OTU_97.15661,Tongue_dorsum
OTU_97.15665,Mid_vagina
OTU_97.15665,Tongue_dorsum
OTU_97.1567,Tongue_dorsum
OTU_97.15676,Subgingival_plaque
OTU_97.15676,Palatine_Tonsils
OTU_97.15681,Attached_Keratinized_gingiva
OTU_97.15681,Right_Retroauricular_crease
OTU_97.15685,Mid_vagina
OTU_97.1569,Saliva
OTU_97.15690,Right_Retroauricular_crease
OTU_97.15692,Throat
OTU_97.157,Posterior_fornix
OTU_97.15705,Buccal_mucosa
OTU_97.15705,Palatine_Tonsils
OTU_97.15711,Saliva
OTU_97.15718,Anterior_nares
OTU_97.1572,Throat
OTU_97.1572,Buccal_mucosa
OTU_97.15722,Tongue_dorsum
OTU_97.15723,Hard_palate
OTU_97.15744,Anterior_nares
OTU_97.1575,Supragingival_plaque
OTU_97.1575,Attached_Keratinized_gingiva
OTU_97.1575,Saliva
OTU_97.15750,Right_Retroauricular_crease
OTU_97.15768,Stool
OTU_97.15768,Buccal_mucosa
OTU_97.15771,Supragingival_plaque
OTU_97.15776,Posterior_fornix
OTU_97.15776,Buccal_mucosa
OTU_97.15776,Tongue_dorsum
OTU_97.15794,Right_Retroauricular_crease
OTU_97.15796,Buccal_mucosa
OTU_97.15797,Hard_palate
OTU_97.15797,Right_Retroauricular_crease
OTU_97.15806,Saliva
OTU_97.15806,Right_Retroauricular_crease
OTU_97.1581,Hard_palate
OTU_97.1581,Left_Retroauricular_crease
OTU_97.15817,Attached_Keratinized_gingiva
OTU_97.15837,Attached_Keratinized_gingiva
OTU_97.15837,Anterior_nares
OTU_97.15846,Stool
OTU_97.15846,Buccal_mucosa
OTU_97.15850,Mid_vagina
OTU_97.15857,Supragingival_plaque
OTU_97.15862,Saliva
OTU_97.15862,Posterior_fornix
OTU_97.15862,Palatine_Tonsils
OTU_97.1587,Mid_vagina
OTU_97.1587,Buccal_mucosa
OTU_97.1589,Supragingival_plaque
OTU_97.1589,Anterior_nares
OTU_97.15898,Stool
OTU_97.15898,Saliva
OTU_97.15898,Left_Retroauricular_crease
OTU_97.15900,Hard_palate
OTU_97.15904,Palatine_Tonsils
OTU_97.15904,Left_Retroauricular_crease
OTU_97.15934,Tongue_dorsum
OTU_97.15934,Anterior_nares
OTU_97.15938,Subgingival_plaque
OTU_97.15938,Tongue_dorsum
OTU_97.15938,Hard_palate
OTU_97.15955,Supragingival_plaque
OTU_97.15966,Subgingival_plaque
OTU_97.15966,Posterior_fornix
OTU_97.15966,Left_Retroauricular_crease
OTU_97.15972,Attached_Keratinized_gingiva
OTU_97.15972,Palatine_Tonsils
OTU_97.15972,Left_Retroauricular_crease
OTU_97.15972,Right_Retroauricular_crease
OTU_97.15976,Stool
OTU_97.16,Throat
OTU_97.16,Tongue_dorsum
OTU_97.16,Anterior_nares
OTU_97.16013,Posterior_fornix
OTU_97.16016,Stool
OTU_97.16016,Supragingival_plaque
OTU_97.16018,Subgingival_plaque
OTU_97.16018,Attached_Keratinized_gingiva
OTU_97.1602,Throat
OTU_97.16020,Attached_Keratinized_gingiva
OTU_97.16020,Buccal_mucosa
OTU_97.16020,Right_Retroauricular_crease
OTU_97.16028,Saliva
OTU_97.16028,Mid_vagina
OTU_97.16028,Right_Retroauricular_crease
OTU_97.16035,Throat
OTU_97.16035,Buccal_mucosa
OTU_97.16035,Anterior_nares
OTU_97.1604,Mid_vagina
OTU_97.1604,Palatine_Tonsils
OTU_97.16049,Mid_vagina
OTU_97.16068,Supragingival_plaque
OTU_97.16068,Saliva
OTU_97.16068,Hard_palate
OTU_97.16068,Left_Retroauricular_crease
OTU_97.16069,Attached_Keratinized_gingiva
OTU_97.16071,Saliva
OTU_97.16071,Mid_vagina
OTU_97.16072,Tongue_dorsum
OTU_97.16074,Stool
OTU_97.16074,Subgingival_plaque
OTU_97.16074,Tongue_dorsum
OTU_97.16074,Right_Retroauricular_crease
OTU_97.16082,Attached_Keratinized_gingiva
OTU_97.16087,Palatine_Tonsils
OTU_97.16087,Hard_palate
OTU_97.16091,Subgingival_plaque
OTU_97.16093,Mid_vagina
OTU_97.1610,Stool
OTU_97.16108,Supragingival_plaque
OTU_97.16108,Anterior_nares
OTU_97.16112,Throat
OTU_97.16117,Saliva
OTU_97.16117,Hard_palate
OTU_97.16121,Left_Retroauricular_crease
OTU_97.16122,Buccal_mucosa
OTU_97.16122,Left_Retroauricular_crease
OTU_97.16125,Palatine_Tonsils
OTU_97.16128,Stool
OTU_97.16128,Supragingival_plaque
OTU_97.16129,Mid_vagina
OTU_97.16133,Subgingival_plaque
OTU_97.16133,Supragingival_plaque
OTU_97.16133,Hard_palate
OTU_97.16134,Attached_Keratinized_gingiva
OTU_97.16162,Anterior_nares
OTU_97.16169,Hard_palate
OTU_97.16170,Posterior_fornix
OTU_97.1618,Mid_vagina
OTU_97.1618,Hard_palate
OTU_97.16180,Stool
OTU_97.16180,Throat
OTU_97.16205,Throat
OTU_97.16215,Throat
OTU_97.16219,Throat
OTU_97.16224,Palatine_Tonsils
OTU_97.16224,Left_Retroauricular_crease
OTU_97.16225,Subgingival_plaque
OTU_97.16225,Palatine_Tonsils
OTU_97.16243,Hard_palate
OTU_97.16243,Left_Retroauricular_crease
OTU_97.16256,Subgingival_plaque
OTU_97.16264,Left_Retroauricular_crease
OTU_97.16265,Subgingival_plaque
OTU_97.16278,Stool
OTU_97.16278,Buccal_mucosa
OTU_97.16281,Right_Retroauricular_crease
OTU_97.16291,Subgingival_plaque
OTU_97.16297,Palatine_Tonsils
OTU_97.1630,Supragingival_plaque
OTU_97.1630,Attached_Keratinized_gingiva
OTU_97.1630,Buccal_mucosa
OTU_97.1631,Subgingival_plaque
OTU_97.16311,Throat
OTU_97.16321,Subgingival_plaque
OTU_97.16321,Supragingival_plaque
OTU_97.16326,Saliva
OTU_97.16331,Buccal_mucosa
OTU_97.16335,Supragingival_plaque
OTU_97.16335,Saliva
OTU_97.16335,Hard_palate
OTU_97.16356,Buccal_mucosa
OTU_97.16356,Left_Retroauricular_crease
OTU_97.16366,Throat
OTU_97.16366,Supragingival_plaque
OTU_97.16372,Stool
OTU_97.16382,Buccal_mucosa
OTU_97.16386,Throat
OTU_97.16386,Buccal_mucosa
OTU_97.16388,Buccal_mucosa
OTU_97.16388,Left_Retroauricular_crease
OTU_97.164,Mid_vagina
OTU_97.164,Right_Retroauricular_crease
OTU_97.16403,Attached_Keratinized_gingiva
OTU_97.16403,Saliva
OTU_97.16411,Mid_vagina
OTU_97.16416,Supragingival_plaque
OTU_97.16416,Posterior_fornix
OTU_97.16425,Subgingival_plaque
OTU_97.16430,Throat
OTU_97.16457,Right_Retroauricular_crease
OTU_97.1646,Stool
OTU_97.16465,Saliva
OTU_97.16465,Right_Retroauricular_crease
OTU_97.16467,Palatine_Tonsils
OTU_97.16467,Tongue_dorsum
OTU_97.16471,Mid_vagina
OTU_97.16475,Buccal_mucosa
OTU_97.16477,Stool
OTU_97.16495,Throat
OTU_97.16495,Saliva
OTU_97.16502,Buccal_mucosa
OTU_97.16504,Throat
OTU_97.16504,Attached_Keratinized_gingiva
OTU_97.16504,Hard_palate
OTU_97.16504,Left_Retroauricular_crease
OTU_97.16506,Tongue_dorsum
OTU_97.16506,Right_Retroauricular_crease
OTU_97.16507,Saliva
OTU_97.16522,Right_Retroauricular_crease
OTU_97.16531,Throat
OTU_97.1655,Right_Retroauricular_crease
OTU_97.1657,Subgingival_plaque
OTU_97.1657,Anterior_nares
OTU_97.16579,Attached_Keratinized_gingiva
OTU_97.16579,Mid_vagina
OTU_97.16582,Posterior_fornix
OTU_97.16582,Buccal_mucosa
OTU_97.16584,Attached_Keratinized_gingiva
OTU_97.16584,Posterior_fornix
OTU_97.16584,Right_Retroauricular_crease
OTU_97.16586,Supragingival_plaque
OTU_97.16586,Left_Retroauricular_crease
OTU_97.1659,Right_Retroauricular_crease
OTU_97.16594,Tongue_dorsum
OTU_97.16610,Subgingival_plaque
OTU_97.16621,Supragingival_plaque
OTU_97.16621,Posterior_fornix
OTU_97.16622,Stool
OTU_97.16622,Supragingival_plaque
OTU_97.16622,Saliva
OTU_97.16632,Tongue_dorsum
OTU_97.16634,Attached_Keratinized_gingiva
OTU_97.16634,Palatine_Tonsils
OTU_97.16639,Throat
OTU_97.16648,Supragingival_plaque
OTU_97.16649,Attached_Keratinized_gingiva
OTU_97.16656,Posterior_fornix
OTU_97.16658,Palatine_Tonsils
OTU_97.16659,Hard_palate
OTU_97.1667,Supragingival_plaque
OTU_97.1667,Tongue_dorsum
OTU_97.16683,Subgingival_plaque
OTU_97.16683,Saliva
OTU_97.16695,Subgingival_plaque
OTU_97.16695,Saliva
OTU_97.16697,Supragingival_plaque
OTU_97.16697,Tongue_dorsum
OTU_97.16705,Hard_palate
OTU_97.1671,Anterior_nares
OTU_97.16713,Hard_palate
OTU_97.16714,Anterior_nares
OTU_97.1672,Tongue_dorsum
OTU_97.1672,Hard_palate
OTU_97.16724,Stool
OTU_97.16724,Hard_palate
OTU_97.16725,Right_Retroauricular_crease
OTU_97.16728,Left_Retroauricular_crease
OTU_97.16741,Subgingival_plaque
OTU_97.16741,Left_Retroauricular_crease
OTU_97.16742,Attached_Keratinized_gingiva
OTU_97.16745,Stool
OTU_97.16745,Buccal_mucosa
OTU_97.16745,Hard_palate
OTU_97.16759,Palatine_Tonsils
OTU_97.16765,Left_Retroauricular_crease
OTU_97.16780,Attached_Keratinized_gingiva
OTU_97.16780,Buccal_mucosa
OTU_97.16780,Palatine_Tonsils
OTU_97.16803,Saliva
OTU_97.16806,Palatine_Tonsils
OTU_97.16809,Subgingival_plaque
OTU_97.16811,Mid_vagina
OTU_97.16819,Palatine_Tonsils
OTU_97.16819,Tongue_dorsum
OTU_97.16833,Subgingival_plaque
OTU_97.16833,Hard_palate
OTU_97.16834,Hard_palate
OTU_97.16859,Supragingival_plaque
OTU_97.16859,Saliva
OTU_97.16860,Attached_Keratinized_gingiva
OTU_97.16865,Anterior_nares
OTU_97.16871,Saliva
OTU_97.16871,Mid_vagina
OTU_97.16871,Anterior_nares
OTU_97.16881,Mid_vagina
OTU_97.16881,Tongue_dorsum
OTU_97.16887,Anterior_nares
OTU_97.16889,Stool
OTU_97.1690,Posterior_fornix
OTU_97.16907,Attached_Keratinized_gingiva
OTU_97.16907,Saliva
OTU_97.16907,Posterior_fornix
OTU_97.16907,Anterior_nares
OTU_97.16911,Throat
OTU_97.16911,Subgingival_plaque
OTU_97.16923,Buccal_mucosa
OTU_97.16923,Palatine_Tonsils
OTU_97.16937,Subgingival_plaque
OTU_97.16937,Right_Retroauricular_crease
OTU_97.16958,Attached_Keratinized_gingiva
OTU_97.1697,Stool
OTU_97.1697,Attached_Keratinized_gingiva
OTU_97.1698,Saliva
OTU_97.16984,Saliva
OTU_97.16984,Buccal_mucosa
OTU_97.16984,Anterior_nares
OTU_97.16989,Posterior_fornix
OTU_97.16993,Palatine_Tonsils
OTU_97.17004,Stool
OTU_97.17004,Supragingival_plaque
OTU_97.17015,Anterior_nares
OTU_97.17017,Buccal_mucosa
OTU_97.1702,Stool
OTU_97.1702,Attached_Keratinized_gingiva
OTU_97.1702,Mid_vagina
OTU_97.1702,Tongue_dorsum
OTU_97.1704,Stool
OTU_97.1704,Attached_Keratinized_gingiva
OTU_97.1704,Hard_palate
OTU_97.17055,Subgingival_plaque
OTU_97.17055,Posterior_fornix
OTU_97.17055,Left_Retroauricular_crease
OTU_97.17061,Stool
OTU_97.17061,Supragingival_plaque
OTU_97.17069,Posterior_fornix
OTU_97.17069,Buccal_mucosa
OTU_97.1707,Tongue_dorsum
OTU_97.1707,Left_Retroauricular_crease
OTU_97.1707,Anterior_nares
OTU_97.17070,Throat
OTU_97.17070,Buccal_mucosa
OTU_97.17079,Hard_palate
OTU_97.17079,Right_Retroauricular_crease
OTU_97.17088,Stool
OTU_97.17088,Attached_Keratinized_gingiva
OTU_97.17095,Throat
OTU_97.17095,Attached_Keratinized_gingiva
OTU_97.171,Left_Retroauricular_crease
OTU_97.17107,Throat
OTU_97.17107,Supragingival_plaque
OTU_97.17108,Stool
OTU_97.17113,Stool
OTU_97.17116,Throat
OTU_97.17116,Hard_palate
OTU_97.17116,Left_Retroauricular_crease
OTU_97.17117,Throat
OTU_97.17117,Tongue_dorsum
OTU_97.1712,Saliva
OTU_97.17121,Attached_Keratinized_gingiva
OTU_97.17129,Saliva
OTU_97.1713,Supragingival_plaque
OTU_97.1713,Saliva
OTU_97.1713,Tongue_dorsum
OTU_97.17133,Supragingival_plaque
OTU_97.17138,Subgingival_plaque
OTU_97.17138,Supragingival_plaque
OTU_97.17138,Mid_vagina
OTU_97.17139,Throat
OTU_97.17139,Mid_vagina
OTU_97.17142,Mid_vagina
OTU_97.17145,Attached_Keratinized_gingiva
OTU_97.17145,Tongue_dorsum
OTU_97.17152,Right_Retroauricular_crease
OTU_97.17171,Throat
OTU_97.17171,Posterior_fornix
OTU_97.17174,Buccal_mucosa
OTU_97.17174,Palatine_Tonsils
OTU_97.17174,Tongue_dorsum
OTU_97.17189,Anterior_nares
OTU_97.172,Stool
OTU_97.1720,Mid_vagina
OTU_97.1720,Right_Retroauricular_crease
OTU_97.17203,Attached_Keratinized_gingiva
OTU_97.17203,Buccal_mucosa
OTU_97.17203,Right_Retroauricular_crease
OTU_97.1721,Right_Retroauricular_crease
OTU_97.17213,Saliva
OTU_97.17213,Hard_palate
OTU_97.17221,Throat
OTU_97.17221,Palatine_Tonsils
OTU_97.17222,Supragingival_plaque
OTU_97.17222,Left_Retroauricular_crease
OTU_97.17224,Saliva
OTU_97.17224,Palatine_Tonsils
OTU_97.17250,Right_Retroauricular_crease
OTU_97.17251,Left_Retroauricular_crease
OTU_97.17256,Throat
OTU_97.17256,Left_Retroauricular_crease
OTU_97.17257,Throat
OTU_97.17257,Right_Retroauricular_crease
OTU_97.1726,Stool
OTU_97.17263,Saliva
OTU_97.17265,Subgingival_plaque
OTU_97.17265,Hard_palate
OTU_97.17279,Anterior_nares
OTU_97.17284,Mid_vagina
OTU_97.17284,Left_Retroauricular_crease
OTU_97.17296,Posterior_fornix
OTU_97.17296,Right_Retroauricular_crease
OTU_97.173,Palatine_Tonsils
OTU_97.173,Hard_palate
OTU_97.17306,Attached_Keratinized_gingiva
OTU_97.17317,Stool
OTU_97.1732,Posterior_fornix
OTU_97.17324,Posterior_fornix
OTU_97.17335,Stool
OTU_97.17335,Anterior_nares
OTU_97.17346,Attached_Keratinized_gingiva
OTU_97.17358,Stool
OTU_97.17358,Right_Retroauricular_crease
OTU_97.1736,Hard_palate
OTU_97.1736,Right_Retroauricular_crease
OTU_97.17363,Throat
OTU_97.17363,Attached_Keratinized_gingiva
OTU_97.17387,Buccal_mucosa
OTU_97.17388,Throat
OTU_97.17388,Supragingival_plaque
OTU_97.17402,Tongue_dorsum
OTU_97.17405,Tongue_dorsum
OTU_97.17410,Buccal_mucosa
OTU_97.17422,Subgingival_plaque
OTU_97.17428,Attached_Keratinized_gingiva
OTU_97.17428,Left_Retroauricular_crease
OTU_97.17446,Stool
OTU_97.17446,Left_Retroauricular_crease
OTU_97.17446,Anterior_nares
OTU_97.17461,Tongue_dorsum
OTU_97.17462,Buccal_mucosa
OTU_97.17464,Saliva
OTU_97.17464,Tongue_dorsum
OTU_97.17464,Right_Retroauricular_crease
OTU_97.17467,Mid_vagina
OTU_97.17467,Tongue_dorsum
OTU_97.1747,Saliva
OTU_97.17487,Buccal_mucosa
OTU_97.17487,Palatine_Tonsils
OTU_97.17487,Anterior_nares
OTU_97.175,Stool
OTU_97.175,Tongue_dorsum
OTU_97.175,Right_Retroauricular_crease
OTU_97.17503,Stool
OTU_97.17510,Buccal_mucosa
OTU_97.17510,Palatine_Tonsils
OTU_97.17520,Posterior_fornix
OTU_97.17520,Mid_vagina
OTU_97.17523,Left_Retroauricular_crease
OTU_97.17530,Anterior_nares
OTU_97.17536,Tongue_dorsum
OTU_97.1754,Palatine_Tonsils
OTU_97.17553,Attached_Keratinized_gingiva
OTU_97.17562,Buccal_mucosa
OTU_97.176,Palatine_Tonsils
OTU_97.17610,Subgingival_plaque
OTU_97.17610,Supragingival_plaque
OTU_97.17610,Hard_palate
OTU_97.17611,Stool
OTU_97.17611,Tongue_dorsum
OTU_97.17613,Supragingival_plaque
OTU_97.17613,Tongue_dorsum
OTU_97.17622,Tongue_dorsum
OTU_97.17622,Right_Retroauricular_crease
OTU_97.17625,Mid_vagina
OTU_97.17634,Palatine_Tonsils
OTU_97.17635,Supragingival_plaque
OTU_97.17645,Throat
OTU_97.17651,Stool
OTU_97.17651,Buccal_mucosa
OTU_97.17651,Tongue_dorsum
OTU_97.17696,Attached_Keratinized_gingiva
OTU_97.17696,Saliva
OTU_97.17699,Supragingival_plaque
OTU_97.17703,Supragingival_plaque
OTU_97.17703,Attached_Keratinized_gingiva
OTU_97.17703,Mid_vagina
OTU_97.17706,Hard_palate
OTU_97.17726,Throat
OTU_97.17726,Buccal_mucosa
OTU_97.17726,Left_Retroauricular_crease
OTU_97.17732,Throat
OTU_97.17732,Anterior_nares
OTU_97.17738,Stool
OTU_97.17738,Subgingival_plaque
OTU_97.17738,Supragingival_plaque
OTU_97.17738,Attached_Keratinized_gingiva
OTU_97.17758,Attached_Keratinized_gingiva
OTU_97.17761,Throat
OTU_97.17761,Subgingival_plaque
OTU_97.17762,Supragingival_plaque
OTU_97.17762,Left_Retroauricular_crease
OTU_97.17768,Tongue_dorsum
OTU_97.17768,Hard_palate
OTU_97.17772,Stool
OTU_97.17772,Mid_vagina
OTU_97.17772,Right_Retroauricular_crease
OTU_97.17773,Buccal_mucosa
OTU_97.17783,Throat
OTU_97.17783,Subgingival_plaque
OTU_97.17783,Mid_vagina
OTU_97.17787,Tongue_dorsum
OTU_97.17798,Palatine_Tonsils
OTU_97.17799,Supragingival_plaque
OTU_97.178,Palatine_Tonsils
OTU_97.178,Left_Retroauricular_crease
OTU_97.17812,Supragingival_plaque
OTU_97.17812,Right_Retroauricular_crease
OTU_97.17830,Subgingival_plaque
OTU_97.17839,Saliva
OTU_97.17839,Mid_vagina
OTU_97.17853,Tongue_dorsum
OTU_97.17853,Left_Retroauricular_crease
OTU_97.17856,Throat
OTU_97.17865,Mid_vagina
OTU_97.17866,Palatine_Tonsils
OTU_97.17869,Attached_Keratinized_gingiva
OTU_97.17869,Buccal_mucosa
OTU_97.1787,Hard_palate
OTU_97.17885,Subgingival_plaque
OTU_97.17885,Buccal_mucosa
OTU_97.17886,Subgingival_plaque
OTU_97.17887,Attached_Keratinized_gingiva
OTU_97.17887,Hard_palate
OTU_97.17888,Subgingival_plaque
OTU_97.17888,Palatine_Tonsils
OTU_97.17895,Posterior_fornix
OTU_97.17895,Left_Retroauricular_crease
OTU_97.17899,Tongue_dorsum
OTU_97.17907,Hard_palate
OTU_97.17908,Left_Retroauricular_crease
OTU_97.1791,Right_Retroauricular_crease
OTU_97.17930,Throat
OTU_97.17930,Anterior_nares
OTU_97.17936,Mid_vagina
OTU_97.17936,Palatine_Tonsils
OTU_97.1794,Tongue_dorsum
OTU_97.17967,Supragingival_plaque
OTU_97.17967,Buccal_mucosa
OTU_97.17967,Anterior_nares
OTU_97.17982,Supragingival_plaque
OTU_97.17985,Stool
OTU_97.17995,Left_Retroauricular_crease
OTU_97.18002,Anterior_nares
OTU_97.1801,Anterior_nares
OTU_97.1802,Attached_Keratinized_gingiva
OTU_97.1803,Hard_palate
OTU_97.1803,Right_Retroauricular_crease
OTU_97.18031,Palatine_Tonsils
OTU_97.18031,Hard_palate
OTU_97.18039,Stool
OTU_97.18039,Subgingival_plaque
OTU_97.18039,Left_Retroauricular_crease
OTU_97.18040,Subgingival_plaque
OTU_97.18040,Saliva
OTU_97.18041,Mid_vagina
OTU_97.18045,Subgingival_plaque
OTU_97.18045,Saliva
OTU_97.18046,Subgingival_plaque
OTU_97.18046,Attached_Keratinized_gingiva
OTU_97.18046,Hard_palate
OTU_97.18048,Right_Retroauricular_crease
OTU_97.1808,Throat
OTU_97.1808,Anterior_nares
OTU_97.18086,Stool
OTU_97.18090,Attached_Keratinized_gingiva
OTU_97.18092,Subgingival_plaque
OTU_97.18092,Attached_Keratinized_gingiva
OTU_97.18092,Mid_vagina
OTU_97.18099,Supragingival_plaque
OTU_97.18099,Saliva
OTU_97.18116,Attached_Keratinized_gingiva
OTU_97.18116,Posterior_fornix
OTU_97.18119,Anterior_nares
OTU_97.18120,Subgingival_plaque
OTU_97.18120,Tongue_dorsum
OTU_97.18120,Anterior_nares
OTU_97.18124,Palatine_Tonsils
OTU_97.18130,Tongue_dorsum
OTU_97.18130,Right_Retroauricular_crease
OTU_97.18133,Posterior_fornix
OTU_97.18137,Right_Retroauricular_crease
OTU_97.18138,Subgingival_plaque
OTU_97.18138,Posterior_fornix
OTU_97.18143,Subgingival_plaque
OTU_97.18143,Saliva
OTU_97.1815,Supragingival_plaque
OTU_97.1815,Palatine_Tonsils
OTU_97.18153,Left_Retroauricular_crease
OTU_97.18162,Posterior_fornix
OTU_97.18164,Supragingival_plaque
OTU_97.18164,Saliva
OTU_97.18169,Left_Retroauricular_crease
OTU_97.18176,Stool
OTU_97.18176,Tongue_dorsum
OTU_97.1820,Stool
OTU_97.18211,Buccal_mucosa
OTU_97.18212,Palatine_Tonsils
OTU_97.18212,Right_Retroauricular_crease
OTU_97.18219,Posterior_fornix
OTU_97.18223,Posterior_fornix
OTU_97.18223,Left_Retroauricular_crease
OTU_97.18238,Supragingival_plaque
OTU_97.18245,Supragingival_plaque
OTU_97.18245,Posterior_fornix
OTU_97.18264,Mid_vagina
OTU_97.18264,Palatine_Tonsils
OTU_97.18286,Subgingival_plaque
OTU_97.18286,Buccal_mucosa
OTU_97.18294,Mid_vagina
OTU_97.18294,Tongue_dorsum
OTU_97.18294,Left_Retroauricular_crease
OTU_97.18294,Right_Retroauricular_crease
OTU_97.18297,Supragingival_plaque
OTU_97.18308,Saliva
OTU_97.18320,Stool
OTU_97.18320,Tongue_dorsum
OTU_97.18321,Stool
OTU_97.18321,Palatine_Tonsils
OTU_97.18322,Right_Retroauricular_crease
OTU_97.18332,Hard_palate
OTU_97.18333,Buccal_mucosa
OTU_97.18358,Attached_Keratinized_gingiva
OTU_97.18371,Mid_vagina
OTU_97.18371,Left_Retroauricular_crease
OTU_97.18372,Tongue_dorsum
OTU_97.18372,Hard_palate
OTU_97.18388,Buccal_mucosa
OTU_97.18388,Left_Retroauricular_crease
OTU_97.18394,Tongue_dorsum
OTU_97.18395,Left_Retroauricular_crease
OTU_97.18405,Supragingival_plaque
OTU_97.18405,Palatine_Tonsils
OTU_97.1841,Left_Retroauricular_crease
OTU_97.18434,Throat
OTU_97.18442,Tongue_dorsum
OTU_97.1845,Attached_Keratinized_gingiva
OTU_97.18456,Subgingival_plaque
OTU_97.18456,Palatine_Tonsils
OTU_97.18457,Stool
OTU_97.18457,Posterior_fornix
OTU_97.18459,Throat
OTU_97.18474,Attached_Keratinized_gingiva
OTU_97.18474,Buccal_mucosa
OTU_97.18474,Anterior_nares
OTU_97.18486,Mid_vagina
OTU_97.18486,Anterior_nares
OTU_97.18489,Supragingival_plaque
OTU_97.18492,Posterior_fornix
OTU_97.18492,Tongue_dorsum
OTU_97.18492,Hard_palate
OTU_97.18494,Throat
OTU_97.18494,Hard_palate
OTU_97.18495,Stool
OTU_97.18495,Buccal_mucosa
OTU_97.18496,Mid_vagina
OTU_97.18496,Palatine_Tonsils
OTU_97.18496,Right_Retroauricular_crease
OTU_97.18500,Supragingival_plaque
OTU_97.18500,Tongue_dorsum
OTU_97.1851,Throat
OTU_97.18513,Buccal_mucosa
OTU_97.18522,Throat
OTU_97.18522,Buccal_mucosa
OTU_97.18522,Tongue_dorsum
OTU_97.18536,Palatine_Tonsils
OTU_97.18536,Left_Retroauricular_crease
OTU_97.18546,Anterior_nares
OTU_97.18555,Saliva
OTU_97.18555,Palatine_Tonsils
OTU_97.18555,Tongue_dorsum
OTU_97.18558,Posterior_fornix
OTU_97.18558,Hard_palate
OTU_97.18566,Right_Retroauricular_crease
OTU_97.18567,Subgingival_plaque
OTU_97.18567,Palatine_Tonsils
OTU_97.18577,Stool
OTU_97.18581,Right_Retroauricular_crease
OTU_97.18589,Throat
OTU_97.18589,Mid_vagina
OTU_97.18591,Attached_Keratinized_gingiva
OTU_97.18591,Mid_vagina
OTU_97.18591,Buccal_mucosa
OTU_97.18599,Supragingival_plaque
OTU_97.18599,Hard_palate
OTU_97.18599,Anterior_nares
OTU_97.186,Saliva
OTU_97.186,Mid_vagina
OTU_97.18607,Stool
OTU_97.18611,Saliva
OTU_97.18611,Right_Retroauricular_crease
OTU_97.18618,Posterior_fornix
OTU_97.18618,Anterior_nares
OTU_97.18619,Supragingival_plaque
OTU_97.18619,Mid_vagina
OTU_97.18619,Hard_palate
OTU_97.18623,Buccal_mucosa
OTU_97.18625,Throat
OTU_97.18626,Throat
OTU_97.18627,Subgingival_plaque
OTU_97.18627,Buccal_mucosa
OTU_97.1863,Mid_vagina
OTU_97.1863,Palatine_Tonsils
OTU_97.18633,Palatine_Tonsils
OTU_97.18636,Subgingival_plaque
OTU_97.18636,Hard_palate
OTU_97.18637,Subgingival_plaque
OTU_97.18637,Mid_vagina
OTU_97.18637,Tongue_dorsum
OTU_97.1864,Tongue_dorsum
OTU_97.1864,Right_Retroauricular_crease
OTU_97.18645,Subgingival_plaque
OTU_97.18646,Saliva
OTU_97.18646,Palatine_Tonsils
OTU_97.18650,Throat
OTU_97.18650,Subgingival_plaque
OTU_97.18650,Palatine_Tonsils
OTU_97.1866,Posterior_fornix
OTU_97.1866,Tongue_dorsum
OTU_97.1866,Right_Retroauricular_crease
OTU_97.18670,Hard_palate
OTU_97.18670,Anterior_nares
OTU_97.18675,Subgingival_plaque
OTU_97.1868,Mid_vagina
OTU_97.18686,Palatine_Tonsils
OTU_97.18694,Posterior_fornix
OTU_97.187,Attached_Keratinized_gingiva
OTU_97.187,Mid_vagina
OTU_97.18703,Throat
OTU_97.18704,Throat
OTU_97.18707,Anterior_nares
OTU_97.18714,Buccal_mucosa
OTU_97.18714,Palatine_Tonsils
OTU_97.18714,Hard_palate
OTU_97.18714,Left_Retroauricular_crease
OTU_97.18716,Throat
OTU_97.18728,Left_Retroauricular_crease
OTU_97.18728,Anterior_nares
OTU_97.18729,Stool
OTU_97.18732,Mid_vagina
OTU_97.18732,Tongue_dorsum
OTU_97.18732,Hard_palate
OTU_97.18742,Buccal_mucosa
OTU_97.18742,Palatine_Tonsils
OTU_97.18742,Left_Retroauricular_crease
OTU_97.18752,Supragingival_plaque
OTU_97.18766,Palatine_Tonsils
OTU_97.18766,Anterior_nares
OTU_97.18768,Throat
OTU_97.18768,Hard_palate
OTU_97.18779,Right_Retroauricular_crease
OTU_97.18785,Subgingival_plaque
OTU_97.18789,Saliva
OTU_97.18789,Right_Retroauricular_crease
OTU_97.18796,Tongue_dorsum
OTU_97.18797,Supragingival_plaque
OTU_97.18807,Tongue_dorsum
OTU_97.18814,Right_Retroauricular_crease
OTU_97.18816,Stool
OTU_97.18816,Throat
OTU_97.18834,Throat
OTU_97.1884,Supragingival_plaque
OTU_97.1884,Attached_Keratinized_gingiva
OTU_97.1884,Saliva
OTU_97.18844,Palatine_Tonsils
OTU_97.18857,Supragingival_plaque
OTU_97.18862,Mid_vagina
OTU_97.18862,Palatine_Tonsils
OTU_97.18873,Palatine_Tonsils
OTU_97.18891,Left_Retroauricular_crease
OTU_97.189,Attached_Keratinized_gingiva
OTU_97.189,Buccal_mucosa
OTU_97.189,Hard_palate
OTU_97.1890,Tongue_dorsum
OTU_97.18905,Hard_palate
OTU_97.18909,Attached_Keratinized_gingiva
OTU_97.18932,Subgingival_plaque
OTU_97.18932,Supragingival_plaque
OTU_97.18932,Attached_Keratinized_gingiva
OTU_97.18936,Mid_vagina
OTU_97.18936,Tongue_dorsum
OTU_97.18942,Throat
OTU_97.18947,Saliva
OTU_97.18951,Supragingival_plaque
OTU_97.18956,Attached_Keratinized_gingiva
OTU_97.18957,Left_Retroauricular_crease
OTU_97.1897,Subgingival_plaque
OTU_97.1897,Hard_palate
OTU_97.18974,Attached_Keratinized_gingiva
OTU_97.18974,Mid_vagina
OTU_97.18976,Saliva
OTU_97.18979,Subgingival_plaque
OTU_97.18979,Attached_Keratinized_gingiva
OTU_97.18979,Posterior_fornix
OTU_97.18979,Tongue_dorsum
OTU_97.18979,Hard_palate
OTU_97.18982,Subgingival_plaque
OTU_97.18982,Saliva
OTU_97.18983,Supragingival_plaque
OTU_97.18983,Attached_Keratinized_gingiva
OTU_97.18983,Hard_palate
OTU_97.18983,Anterior_nares
OTU_97.18998,Subgingival_plaque
OTU_97.190,Posterior_fornix
OTU_97.190,Right_Retroauricular_crease
OTU_97.19005,Saliva
OTU_97.19008,Stool
OTU_97.19008,Left_Retroauricular_crease
OTU_97.19010,Attached_Keratinized_gingiva
OTU_97.19012,Subgingival_plaque
OTU_97.19012,Supragingival_plaque
OTU_97.19015,Attached_Keratinized_gingiva
OTU_97.19017,Throat
OTU_97.19023,Palatine_Tonsils
OTU_97.19025,Buccal_mucosa
OTU_97.19025,Hard_palate
OTU_97.1903,Subgingival_plaque
OTU_97.1903,Attached_Keratinized_gingiva
OTU_97.1903,Anterior_nares
OTU_97.19047,Attached_Keratinized_gingiva
OTU_97.19047,Tongue_dorsum
OTU_97.1905,Posterior_fornix
OTU_97.1905,Palatine_Tonsils
OTU_97.19061,Stool
OTU_97.19061,Posterior_fornix
OTU_97.19062,Throat
OTU_97.19062,Subgingival_plaque
OTU_97.19063,Subgingival_plaque
OTU_97.19072,Supragingival_plaque
OTU_97.19076,Stool
OTU_97.19076,Subgingival_plaque
OTU_97.1909,Anterior_nares
OTU_97.19091,Subgingival_plaque
OTU_97.19091,Supragingival_plaque
OTU_97.19091,Left_Retroauricular_crease
OTU_97.19098,Mid_vagina
OTU_97.19098,Buccal_mucosa
OTU_97.19098,Left_Retroauricular_crease
OTU_97.19101,Saliva
OTU_97.19103,Supragingival_plaque
OTU_97.19103,Palatine_Tonsils
OTU_97.19147,Palatine_Tonsils
OTU_97.19147,Right_Retroauricular_crease
OTU_97.19157,Supragingival_plaque
OTU_97.19157,Saliva
OTU_97.19165,Palatine_Tonsils
OTU_97.19180,Right_Retroauricular_crease
OTU_97.19180,Anterior_nares
OTU_97.192,Attached_Keratinized_gingiva
OTU_97.192,Left_Retroauricular_crease
OTU_97.19205,Hard_palate
OTU_97.19219,Supragingival_plaque
OTU_97.19219,Palatine_Tonsils
OTU_97.19232,Right_Retroauricular_crease
OTU_97.19236,Subgingival_plaque
OTU_97.19236,Palatine_Tonsils
OTU_97.19241,Stool
OTU_97.19244,Supragingival_plaque
OTU_97.19244,Posterior_fornix
OTU_97.19249,Supragingival_plaque
OTU_97.19265,Supragingival_plaque
OTU_97.19266,Subgingival_plaque
OTU_97.19266,Right_Retroauricular_crease
OTU_97.1927,Throat
OTU_97.1927,Saliva
OTU_97.1927,Hard_palate
OTU_97.19273,Stool
OTU_97.19273,Palatine_Tonsils
OTU_97.19278,Mid_vagina
OTU_97.19296,Mid_vagina
OTU_97.19303,Stool
OTU_97.19307,Mid_vagina
OTU_97.19308,Left_Retroauricular_crease
OTU_97.19315,Anterior_nares
OTU_97.19320,Saliva
OTU_97.19320,Buccal_mucosa
OTU_97.19321,Posterior_fornix
OTU_97.19329,Throat
OTU_97.19329,Subgingival_plaque
OTU_97.19335,Subgingival_plaque
OTU_97.19335,Attached_Keratinized_gingiva
OTU_97.19335,Palatine_Tonsils
OTU_97.19337,Stool
OTU_97.19350,Posterior_fornix
OTU_97.1937,Stool
OTU_97.1937,Mid_vagina
OTU_97.19389,Mid_vagina
OTU_97.19421,Throat
OTU_97.19429,Posterior_fornix
OTU_97.19429,Palatine_Tonsils
OTU_97.19433,Subgingival_plaque
OTU_97.19433,Supragingival_plaque
OTU_97.19488,Stool
OTU_97.19499,Supragingival_plaque
OTU_97.19499,Right_Retroauricular_crease
OTU_97.19503,Stool
OTU_97.19503,Subgingival_plaque
OTU_97.19510,Stool
OTU_97.19510,Throat
OTU_97.19510,Saliva
OTU_97.19510,Left_Retroauricular_crease
OTU_97.19517,Throat
OTU_97.1952,Subgingival_plaque
OTU_97.1952,Mid_vagina
OTU_97.1952,Tongue_dorsum
OTU_97.19529,Anterior_nares
OTU_97.19534,Right_Retroauricular_crease
OTU_97.19542,Stool
OTU_97.19542,Attached_Keratinized_gingiva
OTU_97.19542,Anterior_nares
OTU_97.19547,Throat
OTU_97.19547,Subgingival_plaque
OTU_97.1957,Throat
OTU_97.19577,Mid_vagina
OTU_97.19577,Tongue_dorsum
OTU_97.19577,Right_Retroauricular_crease
OTU_97.19586,Posterior_fornix
OTU_97.19586,Tongue_dorsum
OTU_97.19586,Right_Retroauricular_crease
OTU_97.19587,Stool
OTU_97.19587,Attached_Keratinized_gingiva
OTU_97.19587,Saliva
OTU_97.196,Mid_vagina
OTU_97.196,Palatine_Tonsils
OTU_97.19603,Hard_palate
OTU_97.19612,Throat
OTU_97.19624,Posterior_fornix
OTU_97.19636,Right_Retroauricular_crease
OTU_97.19636,Anterior_nares
OTU_97.1965,Saliva
OTU_97.19651,Supragingival_plaque
OTU_97.19651,Tongue_dorsum
OTU_97.19662,Stool
OTU_97.19662,Attached_Keratinized_gingiva
OTU_97.19662,Saliva
OTU_97.19674,Throat
OTU_97.19674,Posterior_fornix
OTU_97.19674,Palatine_Tonsils
OTU_97.19675,Subgingival_plaque
OTU_97.19675,Buccal_mucosa
OTU_97.19677,Attached_Keratinized_gingiva
OTU_97.19677,Saliva
OTU_97.19677,Right_Retroauricular_crease
OTU_97.19681,Palatine_Tonsils
OTU_97.19681,Anterior_nares
OTU_97.19683,Left_Retroauricular_crease
OTU_97.19692,Subgingival_plaque
OTU_97.19692,Tongue_dorsum
OTU_97.19693,Stool
OTU_97.197,Stool
OTU_97.1970,Stool
OTU_97.19700,Throat
OTU_97.19704,Saliva
OTU_97.19704,Anterior_nares
OTU_97.19735,Subgingival_plaque
OTU_97.19740,Supragingival_plaque
OTU_97.19740,Palatine_Tonsils
OTU_97.19771,Stool
OTU_97.19771,Left_Retroauricular_crease
OTU_97.19775,Throat
OTU_97.19778,Palatine_Tonsils
OTU_97.1978,Left_Retroauricular_crease
OTU_97.19784,Stool
OTU_97.19784,Mid_vagina
OTU_97.19784,Right_Retroauricular_crease
OTU_97.19787,Saliva
OTU_97.19792,Posterior_fornix
OTU_97.19792,Mid_vagina
OTU_97.19792,Right_Retroauricular_crease
OTU_97.19793,Stool
OTU_97.19797,Tongue_dorsum
OTU_97.19797,Left_Retroauricular_crease
OTU_97.19798,Right_Retroauricular_crease
OTU_97.1980,Stool
OTU_97.1980,Saliva
OTU_97.1980,Buccal_mucosa
OTU_97.1980,Tongue_dorsum
OTU_97.19805,Throat
OTU_97.19805,Posterior_fornix
OTU_97.19810,Left_Retroauricular_crease
OTU_97.19812,Throat
OTU_97.19812,Anterior_nares
OTU_97.19813,Mid_vagina
OTU_97.19824,Mid_vagina
OTU_97.19824,Hard_palate
OTU_97.19838,Buccal_mucosa
OTU_97.19844,Throat
OTU_97.19851,Mid_vagina
OTU_97.19851,Anterior_nares
OTU_97.19855,Saliva
OTU_97.19896,Palatine_Tonsils
OTU_97.19896,Left_Retroauricular_crease
OTU_97.19898,Supragingival_plaque
OTU_97.19918,Throat
OTU_97.19933,Throat
OTU_97.19933,Palatine_Tonsils
OTU_97.19933,Hard_palate
OTU_97.19944,Anterior_nares
OTU_97.19957,Attached_Keratinized_gingiva
OTU_97.19957,Anterior_nares
OTU_97.19971,Left_Retroauricular_crease
OTU_97.19979,Subgingival_plaque
OTU_97.19979,Tongue_dorsum
OTU_97.19979,Right_Retroauricular_crease
OTU_97.19988,Saliva
OTU_97.19995,Hard_palate
OTU_97.20,Subgingival_plaque
OTU_97.20,Saliva
OTU_97.20,Anterior_nares
OTU_97.20003,Posterior_fornix
OTU_97.20008,Right_Retroauricular_crease
OTU_97.20019,Throat
OTU_97.20019,Posterior_fornix
OTU_97.20031,Posterior_fornix
OTU_97.20032,Right_Retroauricular_crease
OTU_97.2005,Supragingival_plaque
OTU_97.2007,Throat
OTU_97.20071,Subgingival_plaque
OTU_97.20072,Stool
OTU_97.20088,Saliva
OTU_97.20088,Anterior_nares
OTU_97.2009,Attached_Keratinized_gingiva
OTU_97.2009,Left_Retroauricular_crease
OTU_97.2009,Anterior_nares
OTU_97.201,Stool
OTU_97.201,Saliva
OTU_97.20105,Mid_vagina
OTU_97.20112,Posterior_fornix
OTU_97.20112,Tongue_dorsum
OTU_97.20121,Supragingival_plaque
OTU_97.20121,Right_Retroauricular_crease
OTU_97.20125,Throat
OTU_97.20125,Supragingival_plaque
OTU_97.20125,Buccal_mucosa
OTU_97.2013,Throat
OTU_97.2016,Mid_vagina
OTU_97.20165,Throat
OTU_97.20165,Hard_palate
OTU_97.20168,Mid_vagina
OTU_97.20168,Palatine_Tonsils
OTU_97.20176,Palatine_Tonsils
OTU_97.20176,Anterior_nares
OTU_97.20186,Stool
OTU_97.20186,Mid_vagina
OTU_97.20190,Stool
OTU_97.20190,Throat
OTU_97.20191,Saliva
OTU_97.20194,Saliva
OTU_97.20194,Mid_vagina
OTU_97.20194,Hard_palate
OTU_97.202,Hard_palate
OTU_97.20205,Attached_Keratinized_gingiva
OTU_97.20205,Right_Retroauricular_crease
OTU_97.20207,Throat
OTU_97.20207,Attached_Keratinized_gingiva
OTU_97.20208,Mid_vagina
OTU_97.20208,Left_Retroauricular_crease
OTU_97.20212,Throat
OTU_97.20212,Attached_Keratinized_gingiva
OTU_97.20212,Mid_vagina
OTU_97.20216,Throat
OTU_97.20216,Left_Retroauricular_crease
OTU_97.20220,Subgingival_plaque
OTU_97.20220,Attached_Keratinized_gingiva
OTU_97.20220,Mid_vagina
OTU_97.20220,Palatine_Tonsils
OTU_97.20231,Supragingival_plaque
OTU_97.2024,Mid_vagina
OTU_97.20253,Supragingival_plaque
OTU_97.20253,Palatine_Tonsils
OTU_97.20253,Left_Retroauricular_crease
OTU_97.20272,Right_Retroauricular_crease
OTU_97.20273,Saliva
OTU_97.20273,Palatine_Tonsils
OTU_97.20288,Posterior_fornix
OTU_97.2029,Buccal_mucosa
OTU_97.2029,Tongue_dorsum
OTU_97.20293,Buccal_mucosa
OTU_97.20295,Hard_palate
OTU_97.20295,Right_Retroauricular_crease
OTU_97.203,Saliva
OTU_97.20309,Tongue_dorsum
OTU_97.20314,Attached_Keratinized_gingiva
OTU_97.20314,Anterior_nares
OTU_97.2032,Tongue_dorsum
OTU_97.2032,Left_Retroauricular_crease
OTU_97.20320,Mid_vagina
OTU_97.20330,Saliva
OTU_97.20330,Buccal_mucosa
OTU_97.20337,Tongue_dorsum
OTU_97.20337,Hard_palate
OTU_97.20337,Right_Retroauricular_crease
OTU_97.20346,Posterior_fornix
OTU_97.20356,Subgingival_plaque
OTU_97.20360,Buccal_mucosa
OTU_97.20363,Right_Retroauricular_crease
OTU_97.20365,Saliva
OTU_97.2037,Palatine_Tonsils
OTU_97.20373,Posterior_fornix
OTU_97.20380,Mid_vagina
OTU_97.20380,Buccal_mucosa
OTU_97.20381,Attached_Keratinized_gingiva
OTU_97.20381,Posterior_fornix
OTU_97.20383,Attached_Keratinized_gingiva
OTU_97.20383,Palatine_Tonsils
OTU_97.20388,Stool
OTU_97.20388,Supragingival_plaque
OTU_97.20390,Subgingival_plaque
OTU_97.20390,Right_Retroauricular_crease
OTU_97.20395,Throat
OTU_97.20397,Posterior_fornix
OTU_97.20397,Palatine_Tonsils
OTU_97.20397,Right_Retroauricular_crease
OTU_97.204,Subgingival_plaque
OTU_97.204,Mid_vagina
OTU_97.20404,Throat
OTU_97.20407,Right_Retroauricular_crease
OTU_97.2041,Saliva
OTU_97.2041,Left_Retroauricular_crease
OTU_97.20416,Throat
OTU_97.20416,Palatine_Tonsils
OTU_97.20416,Right_Retroauricular_crease
OTU_97.20424,Throat
OTU_97.20424,Attached_Keratinized_gingiva
OTU_97.20433,Tongue_dorsum
OTU_97.20436,Saliva
OTU_97.20436,Palatine_Tonsils
OTU_97.20436,Tongue_dorsum
OTU_97.20439,Attached_Keratinized_gingiva
OTU_97.20439,Tongue_dorsum
OTU_97.20464,Throat
OTU_97.20478,Attached_Keratinized_gingiva
OTU_97.20481,Palatine_Tonsils
OTU_97.20482,Attached_Keratinized_gingiva
OTU_97.20484,Supragingival_plaque
OTU_97.20484,Posterior_fornix
OTU_97.20484,Tongue_dorsum
OTU_97.20487,Throat
OTU_97.20492,Mid_vagina
OTU_97.205,Attached_Keratinized_gingiva
OTU_97.205,Mid_vagina
OTU_97.2050,Stool
OTU_97.2050,Saliva
OTU_97.2050,Anterior_nares
OTU_97.20505,Buccal_mucosa
OTU_97.20505,Tongue_dorsum
OTU_97.20512,Hard_palate
OTU_97.20518,Supragingival_plaque
OTU_97.20518,Right_Retroauricular_crease
OTU_97.20528,Subgingival_plaque
OTU_97.20528,Mid_vagina
OTU_97.20536,Posterior_fornix
OTU_97.20536,Right_Retroauricular_crease
OTU_97.20536,Anterior_nares
OTU_97.20539,Buccal_mucosa
OTU_97.20539,Palatine_Tonsils
OTU_97.20539,Left_Retroauricular_crease
OTU_97.20540,Saliva
OTU_97.20552,Anterior_nares
OTU_97.20554,Left_Retroauricular_crease
OTU_97.2057,Stool
OTU_97.2057,Throat
OTU_97.20575,Palatine_Tonsils
OTU_97.20575,Left_Retroauricular_crease
OTU_97.20579,Left_Retroauricular_crease
OTU_97.20581,Saliva
OTU_97.20581,Right_Retroauricular_crease
OTU_97.206,Stool
OTU_97.206,Tongue_dorsum
OTU_97.206,Right_Retroauricular_crease
OTU_97.20602,Buccal_mucosa
OTU_97.20602,Left_Retroauricular_crease
OTU_97.20605,Posterior_fornix
OTU_97.20614,Buccal_mucosa
OTU_97.20616,Subgingival_plaque
OTU_97.20616,Saliva
OTU_97.20629,Attached_Keratinized_gingiva
OTU_97.20630,Right_Retroauricular_crease
OTU_97.20636,Hard_palate
OTU_97.20636,Right_Retroauricular_crease
OTU_97.20638,Supragingival_plaque
OTU_97.20641,Tongue_dorsum
OTU_97.20641,Anterior_nares
OTU_97.20647,Buccal_mucosa
OTU_97.20648,Subgingival_plaque
OTU_97.20648,Attached_Keratinized_gingiva
OTU_97.20648,Palatine_Tonsils
OTU_97.20659,Subgingival_plaque
OTU_97.20685,Palatine_Tonsils
OTU_97.20685,Left_Retroauricular_crease
OTU_97.20698,Stool
OTU_97.20717,Mid_vagina
OTU_97.20717,Hard_palate
OTU_97.20720,Subgingival_plaque
OTU_97.20720,Right_Retroauricular_crease
OTU_97.20738,Subgingival_plaque
OTU_97.2074,Left_Retroauricular_crease
OTU_97.20762,Subgingival_plaque
OTU_97.20762,Posterior_fornix
OTU_97.20762,Buccal_mucosa
OTU_97.20768,Saliva
OTU_97.20770,Posterior_fornix
OTU_97.20774,Stool
OTU_97.20780,Subgingival_plaque
OTU_97.20791,Buccal_mucosa
OTU_97.20803,Throat
OTU_97.20803,Buccal_mucosa
OTU_97.20803,Hard_palate
OTU_97.20816,Subgingival_plaque
OTU_97.20821,Attached_Keratinized_gingiva
OTU_97.2083,Mid_vagina
OTU_97.20848,Left_Retroauricular_crease
OTU_97.20851,Saliva
OTU_97.20851,Palatine_Tonsils
OTU_97.20867,Subgingival_plaque
OTU_97.20873,Throat
OTU_97.20873,Hard_palate
OTU_97.20873,Right_Retroauricular_crease
OTU_97.20896,Anterior_nares
OTU_97.20900,Stool
OTU_97.20900,Subgingival_plaque
OTU_97.20911,Buccal_mucosa
OTU_97.20912,Mid_vagina
OTU_97.2092,Right_Retroauricular_crease
OTU_97.20930,Tongue_dorsum
OTU_97.20944,Attached_Keratinized_gingiva
OTU_97.20956,Stool
OTU_97.20956,Tongue_dorsum
OTU_97.20957,Anterior_nares
OTU_97.20973,Saliva
OTU_97.20973,Tongue_dorsum
OTU_97.20973,Right_Retroauricular_crease
OTU_97.20979,Subgingival_plaque
OTU_97.20979,Hard_palate
OTU_97.20980,Right_Retroauricular_crease
OTU_97.20981,Stool
OTU_97.20981,Throat
OTU_97.20990,Stool
OTU_97.20990,Anterior_nares
OTU_97.21002,Left_Retroauricular_crease
OTU_97.21003,Right_Retroauricular_crease
OTU_97.21008,Palatine_Tonsils
OTU_97.21008,Hard_palate
OTU_97.21014,Posterior_fornix
OTU_97.21014,Mid_vagina
OTU_97.21018,Buccal_mucosa
OTU_97.21019,Throat
OTU_97.21021,Palatine_Tonsils
OTU_97.21021,Hard_palate
OTU_97.21021,Left_Retroauricular_crease
OTU_97.21023,Mid_vagina
OTU_97.21026,Attached_Keratinized_gingiva
OTU_97.21026,Anterior_nares
OTU_97.21031,Subgingival_plaque
OTU_97.21031,Supragingival_plaque
OTU_97.21031,Saliva
OTU_97.21031,Right_Retroauricular_crease
OTU_97.21041,Anterior_nares
OTU_97.21044,Saliva
OTU_97.21044,Mid_vagina
OTU_97.21048,Buccal_mucosa
OTU_97.21048,Palatine_Tonsils
OTU_97.21054,Supragingival_plaque
OTU_97.21058,Left_Retroauricular_crease
OTU_97.21064,Hard_palate
OTU_97.21067,Stool
OTU_97.21067,Attached_Keratinized_gingiva
OTU_97.21067,Palatine_Tonsils
OTU_97.2110,Supragingival_plaque
OTU_97.21104,Tongue_dorsum
OTU_97.21105,Saliva
OTU_97.21105,Buccal_mucosa
OTU_97.21108,Throat
OTU_97.21108,Left_Retroauricular_crease
OTU_97.21111,Supragingival_plaque
OTU_97.21111,Buccal_mucosa
OTU_97.21115,Throat
OTU_97.21115,Posterior_fornix
OTU_97.21117,Subgingival_plaque
OTU_97.2113,Supragingival_plaque
OTU_97.2113,Posterior_fornix
OTU_97.21139,Left_Retroauricular_crease
OTU_97.21144,Subgingival_plaque
OTU_97.21144,Buccal_mucosa
OTU_97.21144,Hard_palate
OTU_97.21144,Anterior_nares
OTU_97.21149,Throat
OTU_97.21149,Mid_vagina
OTU_97.21151,Attached_Keratinized_gingiva
OTU_97.21151,Buccal_mucosa
OTU_97.21153,Hard_palate
OTU_97.21153,Right_Retroauricular_crease
OTU_97.21154,Left_Retroauricular_crease
OTU_97.21155,Mid_vagina
OTU_97.21164,Subgingival_plaque
OTU_97.21164,Supragingival_plaque
OTU_97.21164,Palatine_Tonsils
OTU_97.21169,Throat
OTU_97.21171,Stool
OTU_97.21171,Saliva
OTU_97.21196,Stool
OTU_97.212,Saliva
OTU_97.212,Posterior_fornix
OTU_97.212,Buccal_mucosa
OTU_97.212,Anterior_nares
OTU_97.2121,Supragingival_plaque
OTU_97.2121,Mid_vagina
OTU_97.21214,Stool
OTU_97.21214,Tongue_dorsum
OTU_97.21225,Posterior_fornix
OTU_97.21225,Buccal_mucosa
OTU_97.21229,Throat
OTU_97.21229,Left_Retroauricular_crease
OTU_97.21238,Right_Retroauricular_crease
OTU_97.2124,Saliva
OTU_97.2124,Mid_vagina
OTU_97.21246,Throat
OTU_97.21246,Posterior_fornix
OTU_97.21246,Hard_palate
OTU_97.21248,Tongue_dorsum
OTU_97.21254,Stool
OTU_97.21254,Right_Retroauricular_crease
OTU_97.21259,Stool
OTU_97.21259,Posterior_fornix
OTU_97.21260,Subgingival_plaque
OTU_97.21263,Left_Retroauricular_crease
OTU_97.21263,Right_Retroauricular_crease
OTU_97.21278,Posterior_fornix
OTU_97.21278,Anterior_nares
OTU_97.21279,Subgingival_plaque
OTU_97.21279,Palatine_Tonsils
OTU_97.21280,Saliva
OTU_97.21288,Mid_vagina
OTU_97.21298,Attached_Keratinized_gingiva
OTU_97.21298,Right_Retroauricular_crease
OTU_97.213,Mid_vagina
OTU_97.21310,Palatine_Tonsils
OTU_97.21310,Tongue_dorsum
OTU_97.21313,Attached_Keratinized_gingiva
OTU_97.21313,Anterior_nares
OTU_97.21321,Left_Retroauricular_crease
OTU_97.21332,Supragingival_plaque
OTU_97.21338,Supragingival_plaque
OTU_97.2134,Posterior_fornix
OTU_97.2134,Palatine_Tonsils
OTU_97.21342,Saliva
OTU_97.21342,Tongue_dorsum
OTU_97.21345,Attached_Keratinized_gingiva
OTU_97.21347,Anterior_nares
OTU_97.21350,Stool
OTU_97.21350,Supragingival_plaque
OTU_97.21350,Saliva
OTU_97.21350,Mid_vagina
OTU_97.21364,Stool
OTU_97.21364,Right_Retroauricular_crease
OTU_97.21369,Supragingival_plaque
OTU_97.21369,Tongue_dorsum
OTU_97.21371,Mid_vagina
OTU_97.21375,Buccal_mucosa
OTU_97.21385,Throat
OTU_97.21390,Buccal_mucosa
OTU_97.214,Throat
OTU_97.214,Left_Retroauricular_crease
OTU_97.21412,Hard_palate
OTU_97.21420,Right_Retroauricular_crease
OTU_97.21430,Anterior_nares
OTU_97.21436,Right_Retroauricular_crease
OTU_97.21436,Anterior_nares
OTU_97.21441,Posterior_fornix
OTU_97.21463,Mid_vagina
OTU_97.21470,Posterior_fornix
OTU_97.21478,Saliva
OTU_97.2148,Buccal_mucosa
OTU_97.2148,Tongue_dorsum
OTU_97.2148,Left_Retroauricular_crease
OTU_97.21492,Throat
OTU_97.21492,Hard_palate
OTU_97.21493,Right_Retroauricular_crease
OTU_97.21493,Anterior_nares
OTU_97.21496,Stool
OTU_97.21498,Palatine_Tonsils
OTU_97.215,Anterior_nares
OTU_97.21513,Mid_vagina
OTU_97.21514,Right_Retroauricular_crease
OTU_97.21514,Anterior_nares
OTU_97.21515,Saliva
OTU_97.21529,Left_Retroauricular_crease
OTU_97.21534,Saliva
OTU_97.21538,Throat
OTU_97.21538,Subgingival_plaque
OTU_97.21538,Attached_Keratinized_gingiva
OTU_97.21554,Supragingival_plaque
OTU_97.21554,Mid_vagina
OTU_97.21565,Mid_vagina
OTU_97.21569,Supragingival_plaque
OTU_97.21569,Attached_Keratinized_gingiva
OTU_97.21573,Palatine_Tonsils
OTU_97.21573,Right_Retroauricular_crease
OTU_97.21593,Palatine_Tonsils
OTU_97.21594,Posterior_fornix
OTU_97.21597,Subgingival_plaque
OTU_97.21604,Buccal_mucosa
OTU_97.21614,Left_Retroauricular_crease
OTU_97.21623,Buccal_mucosa
OTU_97.21631,Supragingival_plaque
OTU_97.21633,Supragingival_plaque
OTU_97.21635,Attached_Keratinized_gingiva
OTU_97.21636,Throat
OTU_97.21636,Attached_Keratinized_gingiva
OTU_97.21636,Saliva
OTU_97.21637,Stool
OTU_97.21654,Throat
OTU_97.21658,Hard_palate
OTU_97.21660,Supragingival_plaque
OTU_97.21675,Stool
OTU_97.21675,Right_Retroauricular_crease
OTU_97.21679,Left_Retroauricular_crease
OTU_97.2169,Attached_Keratinized_gingiva
OTU_97.2169,Hard_palate
OTU_97.21691,Throat
OTU_97.21692,Throat
OTU_97.21703,Subgingival_plaque
OTU_97.21713,Palatine_Tonsils
OTU_97.21725,Mid_vagina
OTU_97.21725,Palatine_Tonsils
OTU_97.21740,Right_Retroauricular_crease
OTU_97.21748,Throat
OTU_97.21751,Subgingival_plaque
OTU_97.21751,Supragingival_plaque
OTU_97.21755,Tongue_dorsum
OTU_97.21755,Right_Retroauricular_crease
OTU_97.21756,Throat
OTU_97.21756,Supragingival_plaque
OTU_97.21761,Throat
OTU_97.21774,Right_Retroauricular_crease
OTU_97.2178,Tongue_dorsum
OTU_97.2178,Anterior_nares
OTU_97.21785,Hard_palate
OTU_97.21790,Posterior_fornix
OTU_97.218,Posterior_fornix
OTU_97.218,Anterior_nares
OTU_97.21807,Throat
OTU_97.21816,Stool
OTU_97.21820,Attached_Keratinized_gingiva
OTU_97.21820,Anterior_nares
OTU_97.21822,Palatine_Tonsils
OTU_97.21822,Right_Retroauricular_crease
OTU_97.21830,Buccal_mucosa
OTU_97.21830,Left_Retroauricular_crease
OTU_97.21830,Anterior_nares
OTU_97.21838,Subgingival_plaque
OTU_97.21838,Left_Retroauricular_crease
OTU_97.21842,Stool
OTU_97.21842,Throat
OTU_97.21842,Palatine_Tonsils
OTU_97.21846,Subgingival_plaque
OTU_97.21846,Left_Retroauricular_crease
OTU_97.21847,Attached_Keratinized_gingiva
OTU_97.21851,Throat
OTU_97.21851,Supragingival_plaque
OTU_97.21852,Stool
OTU_97.21852,Attached_Keratinized_gingiva
OTU_97.21857,Throat
OTU_97.21857,Tongue_dorsum
OTU_97.21859,Right_Retroauricular_crease
OTU_97.21860,Right_Retroauricular_crease
OTU_97.21868,Left_Retroauricular_crease
OTU_97.21868,Anterior_nares
OTU_97.21882,Anterior_nares
OTU_97.21884,Buccal_mucosa
OTU_97.2190,Palatine_Tonsils
OTU_97.2190,Hard_palate
OTU_97.21900,Right_Retroauricular_crease
OTU_97.21912,Stool
OTU_97.21912,Supragingival_plaque
OTU_97.21912,Attached_Keratinized_gingiva
OTU_97.21912,Mid_vagina
OTU_97.21922,Stool
OTU_97.21922,Right_Retroauricular_crease
OTU_97.21929,Throat
OTU_97.2193,Stool
OTU_97.2193,Supragingival_plaque
OTU_97.21931,Left_Retroauricular_crease
OTU_97.21932,Palatine_Tonsils
OTU_97.21933,Stool
OTU_97.21952,Attached_Keratinized_gingiva
OTU_97.21952,Posterior_fornix
OTU_97.21955,Saliva
OTU_97.21955,Mid_vagina
OTU_97.21965,Throat
OTU_97.21975,Stool
OTU_97.21975,Anterior_nares
OTU_97.21983,Mid_vagina
OTU_97.21994,Stool
OTU_97.21994,Tongue_dorsum
OTU_97.21997,Supragingival_plaque
OTU_97.21997,Saliva
OTU_97.21997,Posterior_fornix
OTU_97.22003,Left_Retroauricular_crease
OTU_97.22022,Supragingival_plaque
OTU_97.22022,Posterior_fornix
OTU_97.22036,Saliva
OTU_97.22036,Posterior_fornix
OTU_97.22039,Attached_Keratinized_gingiva
OTU_97.22039,Mid_vagina
OTU_97.2204,Subgingival_plaque
OTU_97.2204,Saliva
OTU_97.2204,Buccal_mucosa
OTU_97.22045,Supragingival_plaque
OTU_97.22056,Stool
OTU_97.22056,Subgingival_plaque
OTU_97.22062,Buccal_mucosa
OTU_97.22062,Palatine_Tonsils
OTU_97.22064,Stool
OTU_97.22064,Hard_palate
OTU_97.22065,Left_Retroauricular_crease
OTU_97.22072,Mid_vagina
OTU_97.22074,Buccal_mucosa
OTU_97.2209,Subgingival_plaque
OTU_97.2209,Saliva
OTU_97.2209,Palatine_Tonsils
OTU_97.22090,Throat
OTU_97.22090,Anterior_nares
OTU_97.22103,Subgingival_plaque
OTU_97.22103,Left_Retroauricular_crease
OTU_97.22117,Throat
OTU_97.22117,Tongue_dorsum
OTU_97.22117,Hard_palate
OTU_97.22119,Attached_Keratinized_gingiva
OTU_97.22119,Hard_palate
OTU_97.22127,Stool
OTU_97.22127,Subgingival_plaque
OTU_97.2213,Subgingival_plaque
OTU_97.22135,Attached_Keratinized_gingiva
OTU_97.22135,Tongue_dorsum
OTU_97.22144,Palatine_Tonsils
OTU_97.22144,Hard_palate
OTU_97.22152,Hard_palate
OTU_97.22154,Attached_Keratinized_gingiva
OTU_97.22154,Buccal_mucosa
OTU_97.22158,Attached_Keratinized_gingiva
OTU_97.22158,Right_Retroauricular_crease
OTU_97.22161,Subgingival_plaque
OTU_97.22161,Tongue_dorsum
OTU_97.2217,Posterior_fornix
OTU_97.22186,Posterior_fornix
OTU_97.22188,Buccal_mucosa
OTU_97.22194,Hard_palate
OTU_97.2220,Posterior_fornix
OTU_97.22207,Attached_Keratinized_gingiva
OTU_97.22207,Hard_palate
OTU_97.22207,Right_Retroauricular_crease
OTU_97.22208,Right_Retroauricular_crease
OTU_97.22209,Throat
OTU_97.22209,Attached_Keratinized_gingiva
OTU_97.2221,Subgingival_plaque
OTU_97.22214,Subgingival_plaque
OTU_97.2222,Stool
OTU_97.2222,Saliva
OTU_97.22222,Mid_vagina
OTU_97.22226,Posterior_fornix
OTU_97.22229,Supragingival_plaque
OTU_97.2223,Throat
OTU_97.2223,Subgingival_plaque
OTU_97.22237,Subgingival_plaque
OTU_97.22256,Stool
OTU_97.22265,Posterior_fornix
OTU_97.22265,Right_Retroauricular_crease
OTU_97.22276,Stool
OTU_97.22283,Posterior_fornix
OTU_97.22283,Palatine_Tonsils
OTU_97.22286,Supragingival_plaque
OTU_97.22286,Buccal_mucosa
OTU_97.2229,Subgingival_plaque
OTU_97.2229,Supragingival_plaque
OTU_97.2229,Mid_vagina
OTU_97.2229,Buccal_mucosa
OTU_97.22297,Mid_vagina
OTU_97.22309,Palatine_Tonsils
OTU_97.22309,Left_Retroauricular_crease
OTU_97.22310,Stool
OTU_97.22323,Throat
OTU_97.22323,Supragingival_plaque
OTU_97.22323,Buccal_mucosa
OTU_97.22344,Stool
OTU_97.22344,Supragingival_plaque
OTU_97.22350,Mid_vagina
OTU_97.22359,Hard_palate
OTU_97.22363,Buccal_mucosa
OTU_97.22363,Hard_palate
OTU_97.22377,Buccal_mucosa
OTU_97.22377,Palatine_Tonsils
OTU_97.22378,Posterior_fornix
OTU_97.22378,Mid_vagina
OTU_97.22378,Palatine_Tonsils
OTU_97.22380,Supragingival_plaque
OTU_97.22385,Hard_palate
OTU_97.224,Saliva
OTU_97.224,Left_Retroauricular_crease
OTU_97.22416,Mid_vagina
OTU_97.22425,Palatine_Tonsils
OTU_97.22425,Left_Retroauricular_crease
OTU_97.22426,Supragingival_plaque
OTU_97.22426,Left_Retroauricular_crease
OTU_97.2243,Supragingival_plaque
OTU_97.22439,Mid_vagina
OTU_97.22439,Left_Retroauricular_crease
OTU_97.22446,Left_Retroauricular_crease
OTU_97.22453,Right_Retroauricular_crease
OTU_97.22464,Supragingival_plaque
OTU_97.22464,Attached_Keratinized_gingiva
OTU_97.22479,Stool
OTU_97.22479,Right_Retroauricular_crease
OTU_97.22480,Supragingival_plaque
OTU_97.22480,Attached_Keratinized_gingiva
OTU_97.22482,Supragingival_plaque
OTU_97.2249,Stool
OTU_97.2249,Posterior_fornix
OTU_97.22498,Mid_vagina
OTU_97.22506,Attached_Keratinized_gingiva
OTU_97.2252,Subgingival_plaque
OTU_97.2252,Tongue_dorsum
OTU_97.22520,Supragingival_plaque
OTU_97.22523,Supragingival_plaque
OTU_97.22526,Saliva
OTU_97.22528,Buccal_mucosa
OTU_97.22529,Attached_Keratinized_gingiva
OTU_97.22529,Saliva
OTU_97.22529,Mid_vagina
OTU_97.22529,Hard_palate
OTU_97.22532,Supragingival_plaque
OTU_97.22532,Saliva
OTU_97.22540,Stool
OTU_97.22542,Attached_Keratinized_gingiva
OTU_97.22542,Saliva
OTU_97.22549,Attached_Keratinized_gingiva
OTU_97.22552,Throat
OTU_97.22552,Supragingival_plaque
OTU_97.22557,Left_Retroauricular_crease
OTU_97.22563,Palatine_Tonsils
OTU_97.22572,Throat
OTU_97.22572,Buccal_mucosa
OTU_97.22575,Supragingival_plaque
OTU_97.22575,Left_Retroauricular_crease
OTU_97.22580,Saliva
OTU_97.22583,Hard_palate
OTU_97.22584,Left_Retroauricular_crease
OTU_97.22585,Right_Retroauricular_crease
OTU_97.22595,Posterior_fornix
OTU_97.226,Attached_Keratinized_gingiva
OTU_97.226,Saliva
OTU_97.226,Palatine_Tonsils
OTU_97.22602,Stool
OTU_97.22602,Supragingival_plaque
OTU_97.22602,Hard_palate
OTU_97.22612,Tongue_dorsum
OTU_97.22628,Hard_palate
OTU_97.22629,Mid_vagina
OTU_97.22630,Mid_vagina
OTU_97.22642,Supragingival_plaque
OTU_97.22651,Stool
OTU_97.22651,Right_Retroauricular_crease
OTU_97.22652,Supragingival_plaque
OTU_97.22652,Palatine_Tonsils
OTU_97.22664,Posterior_fornix
OTU_97.22669,Anterior_nares
OTU_97.22679,Tongue_dorsum
OTU_97.2269,Saliva
OTU_97.2269,Palatine_Tonsils
OTU_97.22704,Posterior_fornix
OTU_97.22704,Hard_palate
OTU_97.22711,Supragingival_plaque
OTU_97.22718,Right_Retroauricular_crease
OTU_97.22731,Posterior_fornix
OTU_97.22732,Mid_vagina
OTU_97.22732,Hard_palate
OTU_97.22737,Posterior_fornix
OTU_97.22738,Left_Retroauricular_crease
OTU_97.22739,Mid_vagina
OTU_97.22748,Palatine_Tonsils
OTU_97.22748,Anterior_nares
OTU_97.22751,Left_Retroauricular_crease
OTU_97.22753,Throat
OTU_97.22754,Anterior_nares
OTU_97.22758,Throat
OTU_97.22758,Palatine_Tonsils
OTU_97.22758,Hard_palate
OTU_97.22768,Right_Retroauricular_crease
OTU_97.22772,Throat
OTU_97.22772,Attached_Keratinized_gingiva
OTU_97.22774,Attached_Keratinized_gingiva
OTU_97.22779,Left_Retroauricular_crease
OTU_97.22786,Throat
OTU_97.22786,Saliva
OTU_97.22796,Posterior_fornix
OTU_97.22796,Anterior_nares
OTU_97.228,Mid_vagina
OTU_97.228,Palatine_Tonsils
OTU_97.2281,Throat
OTU_97.22814,Tongue_dorsum
OTU_97.22816,Anterior_nares
OTU_97.22819,Buccal_mucosa
OTU_97.2282,Throat
OTU_97.2282,Mid_vagina
OTU_97.22822,Throat
OTU_97.22822,Palatine_Tonsils
OTU_97.2283,Supragingival_plaque
OTU_97.2283,Anterior_nares
OTU_97.22832,Tongue_dorsum
OTU_97.22832,Anterior_nares
OTU_97.22834,Anterior_nares
OTU_97.2284,Subgingival_plaque
OTU_97.2284,Attached_Keratinized_gingiva
OTU_97.22862,Subgingival_plaque
OTU_97.22869,Left_Retroauricular_crease
OTU_97.22873,Buccal_mucosa
OTU_97.22878,Throat
OTU_97.22878,Saliva
OTU_97.22883,Left_Retroauricular_crease
OTU_97.22910,Saliva
OTU_97.22911,Mid_vagina
OTU_97.22929,Buccal_mucosa
OTU_97.2293,Supragingival_plaque
OTU_97.2293,Mid_vagina
OTU_97.2293,Right_Retroauricular_crease
OTU_97.22937,Stool
OTU_97.22937,Throat
OTU_97.22937,Posterior_fornix
OTU_97.22944,Subgingival_plaque
OTU_97.22944,Mid_vagina
OTU_97.22944,Tongue_dorsum
OTU_97.22944,Hard_palate
OTU_97.22955,Hard_palate
OTU_97.22955,Right_Retroauricular_crease
OTU_97.22975,Right_Retroauricular_crease
OTU_97.22979,Supragingival_plaque
OTU_97.22980,Stool
OTU_97.22988,Posterior_fornix
OTU_97.22992,Throat
OTU_97.22994,Saliva
OTU_97.22996,Saliva
OTU_97.23002,Supragingival_plaque
OTU_97.23003,Subgingival_plaque
OTU_97.23003,Mid_vagina
OTU_97.23006,Left_Retroauricular_crease
OTU_97.23006,Right_Retroauricular_crease
OTU_97.23007,Subgingival_plaque
OTU_97.23007,Palatine_Tonsils
OTU_97.23011,Throat
OTU_97.23012,Buccal_mucosa
OTU_97.23020,Stool
OTU_97.23020,Hard_palate
OTU_97.23023,Posterior_fornix
OTU_97.23023,Left_Retroauricular_crease
OTU_97.23032,Anterior_nares
OTU_97.23034,Throat
OTU_97.23034,Subgingival_plaque
OTU_97.23034,Palatine_Tonsils
OTU_97.2304,Attached_Keratinized_gingiva
OTU_97.23045,Saliva
OTU_97.23047,Stool
OTU_97.23047,Posterior_fornix
OTU_97.23047,Left_Retroauricular_crease
OTU_97.23049,Posterior_fornix
OTU_97.23053,Throat
OTU_97.23053,Hard_palate
OTU_97.23056,Hard_palate
OTU_97.23063,Attached_Keratinized_gingiva
OTU_97.23063,Saliva
OTU_97.23063,Buccal_mucosa
OTU_97.23066,Saliva
OTU_97.23066,Mid_vagina
OTU_97.2307,Subgingival_plaque
OTU_97.23071,Posterior_fornix
OTU_97.23071,Mid_vagina
OTU_97.23072,Throat
OTU_97.23072,Posterior_fornix
OTU_97.23085,Throat
OTU_97.2309,Stool
OTU_97.23103,Attached_Keratinized_gingiva
OTU_97.23109,Stool
OTU_97.23109,Attached_Keratinized_gingiva
OTU_97.23109,Saliva
OTU_97.23109,Left_Retroauricular_crease
OTU_97.23110,Attached_Keratinized_gingiva
OTU_97.23114,Saliva
OTU_97.23114,Palatine_Tonsils
OTU_97.23120,Stool
OTU_97.23120,Right_Retroauricular_crease
OTU_97.23126,Anterior_nares
OTU_97.23165,Hard_palate
OTU_97.23172,Anterior_nares
OTU_97.2318,Palatine_Tonsils
OTU_97.2318,Anterior_nares
OTU_97.23202,Right_Retroauricular_crease
OTU_97.23204,Saliva
OTU_97.23204,Hard_palate
OTU_97.23205,Posterior_fornix
OTU_97.23216,Attached_Keratinized_gingiva
OTU_97.23216,Hard_palate
OTU_97.23229,Mid_vagina
OTU_97.23237,Tongue_dorsum
OTU_97.2324,Posterior_fornix
OTU_97.2324,Left_Retroauricular_crease
OTU_97.23243,Saliva
OTU_97.23243,Buccal_mucosa
OTU_97.23243,Anterior_nares
OTU_97.23255,Buccal_mucosa
OTU_97.23260,Hard_palate
OTU_97.23261,Buccal_mucosa
OTU_97.23261,Left_Retroauricular_crease
OTU_97.23268,Subgingival_plaque
OTU_97.23272,Attached_Keratinized_gingiva
OTU_97.23272,Left_Retroauricular_crease
OTU_97.23273,Attached_Keratinized_gingiva
OTU_97.23275,Posterior_fornix
OTU_97.23275,Mid_vagina
OTU_97.23276,Attached_Keratinized_gingiva
OTU_97.2329,Buccal_mucosa
OTU_97.23304,Supragingival_plaque
OTU_97.23305,Saliva
OTU_97.23313,Attached_Keratinized_gingiva
OTU_97.23313,Posterior_fornix
OTU_97.23317,Saliva
OTU_97.23318,Anterior_nares
OTU_97.23333,Hard_palate
OTU_97.23342,Stool
OTU_97.23348,Saliva
OTU_97.2336,Supragingival_plaque
OTU_97.23365,Saliva
OTU_97.23365,Anterior_nares
OTU_97.23378,Stool
OTU_97.23378,Attached_Keratinized_gingiva
OTU_97.2338,Palatine_Tonsils
OTU_97.23386,Subgingival_plaque
OTU_97.23386,Palatine_Tonsils
OTU_97.23392,Tongue_dorsum
OTU_97.23394,Supragingival_plaque
OTU_97.23396,Anterior_nares
OTU_97.234,Hard_palate
OTU_97.234,Anterior_nares
OTU_97.2340,Anterior_nares
OTU_97.23400,Hard_palate
OTU_97.23403,Supragingival_plaque
OTU_97.23403,Tongue_dorsum
OTU_97.23408,Supragingival_plaque
OTU_97.23423,Posterior_fornix
OTU_97.23435,Stool
OTU_97.23440,Posterior_fornix
OTU_97.23454,Attached_Keratinized_gingiva
OTU_97.23454,Left_Retroauricular_crease
OTU_97.23458,Stool
OTU_97.23458,Palatine_Tonsils
OTU_97.23458,Hard_palate
OTU_97.23470,Subgingival_plaque
OTU_97.23487,Mid_vagina
OTU_97.23487,Right_Retroauricular_crease
OTU_97.2349,Hard_palate
OTU_97.2349,Left_Retroauricular_crease
OTU_97.23490,Left_Retroauricular_crease
OTU_97.23494,Saliva
OTU_97.23494,Left_Retroauricular_crease
OTU_97.23495,Buccal_mucosa
OTU_97.23495,Palatine_Tonsils
OTU_97.23497,Hard_palate
OTU_97.23527,Subgingival_plaque
OTU_97.23527,Tongue_dorsum
OTU_97.23532,Tongue_dorsum
OTU_97.23538,Anterior_nares
OTU_97.2354,Throat
OTU_97.2354,Supragingival_plaque
OTU_97.2354,Buccal_mucosa
OTU_97.2355,Throat
OTU_97.2355,Supragingival_plaque
OTU_97.2355,Palatine_Tonsils
OTU_97.23576,Attached_Keratinized_gingiva
OTU_97.23576,Left_Retroauricular_crease
OTU_97.23581,Tongue_dorsum
OTU_97.23585,Attached_Keratinized_gingiva
OTU_97.23585,Right_Retroauricular_crease
OTU_97.23586,Attached_Keratinized_gingiva
OTU_97.23586,Posterior_fornix
OTU_97.23595,Attached_Keratinized_gingiva
OTU_97.23595,Saliva
OTU_97.23595,Tongue_dorsum
OTU_97.236,Mid_vagina
OTU_97.236,Palatine_Tonsils
OTU_97.2360,Stool
OTU_97.23601,Right_Retroauricular_crease
OTU_97.23604,Hard_palate
OTU_97.23604,Left_Retroauricular_crease
OTU_97.23606,Subgingival_plaque
OTU_97.23608,Mid_vagina
OTU_97.23608,Palatine_Tonsils
OTU_97.23609,Stool
OTU_97.23609,Palatine_Tonsils
OTU_97.23609,Anterior_nares
OTU_97.23615,Hard_palate
OTU_97.2362,Hard_palate
OTU_97.23639,Saliva
OTU_97.23639,Mid_vagina
OTU_97.23650,Subgingival_plaque
OTU_97.23654,Tongue_dorsum
OTU_97.23659,Hard_palate
OTU_97.23667,Tongue_dorsum
OTU_97.23669,Throat
OTU_97.23682,Attached_Keratinized_gingiva
OTU_97.23682,Saliva
OTU_97.2369,Posterior_fornix
OTU_97.2369,Buccal_mucosa
OTU_97.2369,Left_Retroauricular_crease
OTU_97.23690,Subgingival_plaque
OTU_97.23692,Attached_Keratinized_gingiva
OTU_97.237,Mid_vagina
OTU_97.237,Anterior_nares
OTU_97.2370,Throat
OTU_97.2370,Tongue_dorsum
OTU_97.23702,Mid_vagina
OTU_97.23721,Throat
OTU_97.23731,Subgingival_plaque
OTU_97.23731,Buccal_mucosa
OTU_97.23736,Subgingival_plaque
OTU_97.23736,Left_Retroauricular_crease
OTU_97.23736,Right_Retroauricular_crease
OTU_97.23744,Stool
OTU_97.23744,Mid_vagina
OTU_97.23755,Attached_Keratinized_gingiva
OTU_97.23755,Mid_vagina
OTU_97.23770,Right_Retroauricular_crease
OTU_97.23782,Buccal_mucosa
OTU_97.23783,Palatine_Tonsils
OTU_97.23791,Supragingival_plaque
OTU_97.23791,Buccal_mucosa
OTU_97.23791,Hard_palate
OTU_97.23793,Posterior_fornix
OTU_97.23793,Right_Retroauricular_crease
OTU_97.23799,Mid_vagina
OTU_97.23799,Buccal_mucosa
OTU_97.23799,Right_Retroauricular_crease
OTU_97.23799,Anterior_nares
OTU_97.238,Tongue_dorsum
OTU_97.238,Anterior_nares
OTU_97.23803,Hard_palate
OTU_97.23804,Posterior_fornix
OTU_97.23804,Mid_vagina
OTU_97.23824,Attached_Keratinized_gingiva
OTU_97.23824,Anterior_nares
OTU_97.23828,Stool
OTU_97.23828,Left_Retroauricular_crease
OTU_97.23840,Throat
OTU_97.23840,Left_Retroauricular_crease
OTU_97.23849,Hard_palate
OTU_97.23857,Stool
OTU_97.23857,Anterior_nares
OTU_97.2386,Subgingival_plaque
OTU_97.23876,Throat
OTU_97.23876,Supragingival_plaque
OTU_97.23876,Tongue_dorsum
OTU_97.23877,Stool
OTU_97.23877,Attached_Keratinized_gingiva
OTU_97.23877,Posterior_fornix
OTU_97.23879,Left_Retroauricular_crease
OTU_97.23879,Right_Retroauricular_crease
OTU_97.23888,Buccal_mucosa
OTU_97.23888,Tongue_dorsum
OTU_97.23888,Right_Retroauricular_crease
OTU_97.23892,Mid_vagina
OTU_97.23892,Buccal_mucosa
OTU_97.23911,Throat
OTU_97.23922,Anterior_nares
OTU_97.23934,Supragingival_plaque
OTU_97.23934,Saliva
OTU_97.23934,Hard_palate
OTU_97.23940,Mid_vagina
OTU_97.23940,Hard_palate
OTU_97.23940,Anterior_nares
OTU_97.23947,Left_Retroauricular_crease
OTU_97.23947,Anterior_nares
OTU_97.23952,Tongue_dorsum
OTU_97.23952,Anterior_nares
OTU_97.23953,Tongue_dorsum
OTU_97.23953,Hard_palate
OTU_97.23956,Palatine_Tonsils
OTU_97.23956,Hard_palate
OTU_97.23974,Palatine_Tonsils
OTU_97.23974,Tongue_dorsum
OTU_97.23974,Anterior_nares
OTU_97.2398,Subgingival_plaque
OTU_97.2399,Attached_Keratinized_gingiva
OTU_97.2399,Saliva
OTU_97.2399,Hard_palate
OTU_97.240,Posterior_fornix
OTU_97.240,Hard_palate
OTU_97.24001,Posterior_fornix
OTU_97.24002,Tongue_dorsum
OTU_97.24002,Left_Retroauricular_crease
OTU_97.24009,Subgingival_plaque
OTU_97.24013,Throat
OTU_97.24013,Posterior_fornix
OTU_97.24028,Buccal_mucosa
OTU_97.24038,Palatine_Tonsils
OTU_97.24054,Attached_Keratinized_gingiva
OTU_97.24063,Supragingival_plaque
OTU_97.2407,Stool
OTU_97.24072,Hard_palate
OTU_97.24074,Mid_vagina
OTU_97.24074,Right_Retroauricular_crease
OTU_97.24077,Mid_vagina
OTU_97.2408,Throat
OTU_97.24081,Mid_vagina
OTU_97.24092,Subgingival_plaque
OTU_97.24092,Attached_Keratinized_gingiva
OTU_97.24092,Tongue_dorsum
OTU_97.24092,Left_Retroauricular_crease
OTU_97.24106,Throat
OTU_97.24106,Left_Retroauricular_crease
OTU_97.24116,Attached_Keratinized_gingiva
OTU_97.24116,Tongue_dorsum
OTU_97.24116,Left_Retroauricular_crease
OTU_97.24122,Saliva
OTU_97.24122,Buccal_mucosa
OTU_97.2413,Supragingival_plaque
OTU_97.24130,Subgingival_plaque
OTU_97.24134,Anterior_nares
OTU_97.24135,Stool
OTU_97.24135,Buccal_mucosa
OTU_97.24136,Buccal_mucosa
OTU_97.24145,Stool
OTU_97.24150,Attached_Keratinized_gingiva
OTU_97.24150,Buccal_mucosa
OTU_97.24150,Anterior_nares
OTU_97.24168,Mid_vagina
OTU_97.24179,Buccal_mucosa
OTU_97.24183,Supragingival_plaque
OTU_97.24183,Left_Retroauricular_crease
OTU_97.24188,Subgingival_plaque
OTU_97.24188,Palatine_Tonsils
OTU_97.24198,Tongue_dorsum
OTU_97.24198,Anterior_nares
OTU_97.24203,Throat
OTU_97.24210,Throat
OTU_97.24210,Attached_Keratinized_gingiva
OTU_97.24216,Stool
OTU_97.24216,Subgingival_plaque
OTU_97.24222,Posterior_fornix
OTU_97.24227,Posterior_fornix
OTU_97.24229,Subgingival_plaque
OTU_97.24235,Attached_Keratinized_gingiva
OTU_97.24235,Mid_vagina
OTU_97.24239,Palatine_Tonsils
OTU_97.2424,Buccal_mucosa
OTU_97.24240,Mid_vagina
OTU_97.24240,Anterior_nares
OTU_97.24251,Subgingival_plaque
OTU_97.24274,Left_Retroauricular_crease
OTU_97.24275,Buccal_mucosa
OTU_97.24279,Tongue_dorsum
OTU_97.24279,Hard_palate
OTU_97.2428,Mid_vagina
OTU_97.24281,Palatine_Tonsils
OTU_97.24283,Hard_palate
OTU_97.24284,Saliva
OTU_97.24289,Palatine_Tonsils
OTU_97.2429,Supragingival_plaque
OTU_97.2429,Tongue_dorsum
OTU_97.24297,Throat
OTU_97.24297,Mid_vagina
OTU_97.243,Throat
OTU_97.24304,Buccal_mucosa
OTU_97.24305,Supragingival_plaque
OTU_97.24307,Mid_vagina
OTU_97.24323,Throat
OTU_97.24323,Saliva
OTU_97.24323,Mid_vagina
OTU_97.24324,Tongue_dorsum
OTU_97.24324,Left_Retroauricular_crease
OTU_97.24324,Right_Retroauricular_crease
OTU_97.24335,Supragingival_plaque
OTU_97.24335,Saliva
OTU_97.24341,Throat
OTU_97.24341,Mid_vagina
OTU_97.24347,Buccal_mucosa
OTU_97.24347,Hard_palate
OTU_97.24351,Stool
OTU_97.24362,Mid_vagina
OTU_97.24366,Attached_Keratinized_gingiva
OTU_97.24366,Palatine_Tonsils
OTU_97.24366,Right_Retroauricular_crease
OTU_97.24373,Buccal_mucosa
OTU_97.24373,Left_Retroauricular_crease
OTU_97.24375,Supragingival_plaque
OTU_97.24375,Palatine_Tonsils
OTU_97.24377,Palatine_Tonsils
OTU_97.24377,Hard_palate
OTU_97.24377,Anterior_nares
OTU_97.24378,Palatine_Tonsils
OTU_97.24378,Hard_palate
OTU_97.24382,Saliva
OTU_97.24387,Supragingival_plaque
OTU_97.24387,Anterior_nares
OTU_97.24389,Palatine_Tonsils
OTU_97.24391,Stool
OTU_97.24396,Stool
OTU_97.24396,Throat
OTU_97.24396,Buccal_mucosa
OTU_97.24399,Stool
OTU_97.24399,Palatine_Tonsils
OTU_97.24399,Anterior_nares
OTU_97.2440,Mid_vagina
OTU_97.24402,Attached_Keratinized_gingiva
OTU_97.24402,Saliva
OTU_97.24403,Saliva
OTU_97.24403,Palatine_Tonsils
OTU_97.24404,Supragingival_plaque
OTU_97.24418,Attached_Keratinized_gingiva
OTU_97.24418,Saliva
OTU_97.24426,Subgingival_plaque
OTU_97.24426,Right_Retroauricular_crease
OTU_97.24432,Right_Retroauricular_crease
OTU_97.24432,Anterior_nares
OTU_97.24435,Subgingival_plaque
OTU_97.24435,Attached_Keratinized_gingiva
OTU_97.24445,Right_Retroauricular_crease
OTU_97.24448,Mid_vagina
OTU_97.24448,Left_Retroauricular_crease
OTU_97.24456,Stool
OTU_97.24456,Hard_palate
OTU_97.24462,Supragingival_plaque
OTU_97.24462,Hard_palate
OTU_97.24469,Supragingival_plaque
OTU_97.24469,Saliva
OTU_97.24470,Hard_palate
OTU_97.24471,Attached_Keratinized_gingiva
OTU_97.24471,Anterior_nares
OTU_97.24472,Supragingival_plaque
OTU_97.24472,Mid_vagina
OTU_97.24477,Throat
OTU_97.24488,Attached_Keratinized_gingiva
OTU_97.24500,Saliva
OTU_97.24502,Anterior_nares
OTU_97.24506,Saliva
OTU_97.24506,Mid_vagina
OTU_97.24522,Throat
OTU_97.24523,Subgingival_plaque
OTU_97.24523,Attached_Keratinized_gingiva
OTU_97.24523,Mid_vagina
OTU_97.24537,Hard_palate
OTU_97.24545,Anterior_nares
OTU_97.24553,Subgingival_plaque
OTU_97.24553,Mid_vagina
OTU_97.24556,Supragingival_plaque
OTU_97.24556,Saliva
OTU_97.24563,Left_Retroauricular_crease
OTU_97.24563,Right_Retroauricular_crease
OTU_97.24564,Palatine_Tonsils
OTU_97.24570,Attached_Keratinized_gingiva
OTU_97.24575,Saliva
OTU_97.24575,Left_Retroauricular_crease
OTU_97.24576,Saliva
OTU_97.24581,Buccal_mucosa
OTU_97.24586,Saliva
OTU_97.24587,Buccal_mucosa
OTU_97.24610,Subgingival_plaque
OTU_97.24610,Saliva
OTU_97.24622,Left_Retroauricular_crease
OTU_97.24626,Stool
OTU_97.24626,Hard_palate
OTU_97.24632,Attached_Keratinized_gingiva
OTU_97.24637,Saliva
OTU_97.24637,Posterior_fornix
OTU_97.24637,Tongue_dorsum
OTU_97.24637,Right_Retroauricular_crease
OTU_97.24638,Attached_Keratinized_gingiva
OTU_97.24640,Left_Retroauricular_crease
OTU_97.24641,Attached_Keratinized_gingiva
OTU_97.24641,Right_Retroauricular_crease
OTU_97.24645,Supragingival_plaque
OTU_97.24645,Mid_vagina
OTU_97.24647,Hard_palate
OTU_97.24652,Attached_Keratinized_gingiva
OTU_97.24652,Hard_palate
OTU_97.24656,Stool
OTU_97.24658,Throat
OTU_97.24659,Saliva
OTU_97.24668,Buccal_mucosa
OTU_97.24681,Saliva
OTU_97.24689,Anterior_nares
OTU_97.24694,Stool
OTU_97.24694,Right_Retroauricular_crease
OTU_97.247,Supragingival_plaque
OTU_97.247,Left_Retroauricular_crease
OTU_97.24709,Hard_palate
OTU_97.24714,Attached_Keratinized_gingiva
OTU_97.24714,Right_Retroauricular_crease
OTU_97.24719,Supragingival_plaque
OTU_97.24719,Left_Retroauricular_crease
OTU_97.24721,Saliva
OTU_97.24721,Anterior_nares
OTU_97.24728,Palatine_Tonsils
OTU_97.24729,Subgingival_plaque
OTU_97.24730,Tongue_dorsum
OTU_97.24730,Left_Retroauricular_crease
OTU_97.24731,Stool
OTU_97.24731,Subgingival_plaque
OTU_97.24731,Buccal_mucosa
OTU_97.24731,Tongue_dorsum
OTU_97.24734,Saliva
OTU_97.24734,Anterior_nares
OTU_97.24735,Attached_Keratinized_gingiva
OTU_97.24740,Anterior_nares
OTU_97.24747,Subgingival_plaque
OTU_97.24747,Saliva
OTU_97.24750,Stool
OTU_97.24750,Attached_Keratinized_gingiva
OTU_97.24757,Left_Retroauricular_crease
OTU_97.24759,Subgingival_plaque
OTU_97.24759,Attached_Keratinized_gingiva
OTU_97.24759,Saliva
OTU_97.24761,Hard_palate
OTU_97.24761,Left_Retroauricular_crease
OTU_97.2478,Supragingival_plaque
OTU_97.2478,Attached_Keratinized_gingiva
OTU_97.24783,Buccal_mucosa
OTU_97.2479,Throat
OTU_97.24792,Tongue_dorsum
OTU_97.24793,Buccal_mucosa
OTU_97.24796,Posterior_fornix
OTU_97.24807,Left_Retroauricular_crease
OTU_97.24809,Attached_Keratinized_gingiva
OTU_97.24813,Subgingival_plaque
OTU_97.24813,Hard_palate
OTU_97.24822,Buccal_mucosa
OTU_97.2483,Supragingival_plaque
OTU_97.2483,Palatine_Tonsils
OTU_97.24832,Supragingival_plaque
OTU_97.24832,Posterior_fornix
OTU_97.24836,Supragingival_plaque
OTU_97.24836,Palatine_Tonsils
OTU_97.24853,Saliva
OTU_97.24853,Posterior_fornix
OTU_97.24853,Mid_vagina
OTU_97.24853,Buccal_mucosa
OTU_97.24861,Mid_vagina
OTU_97.24864,Throat
OTU_97.2487,Anterior_nares
OTU_97.24872,Supragingival_plaque
OTU_97.24872,Hard_palate
OTU_97.24881,Stool
OTU_97.24881,Posterior_fornix
OTU_97.24881,Anterior_nares
OTU_97.24882,Stool
OTU_97.24882,Left_Retroauricular_crease
OTU_97.2489,Palatine_Tonsils
OTU_97.24892,Throat
OTU_97.24898,Left_Retroauricular_crease
OTU_97.24898,Right_Retroauricular_crease
OTU_97.24904,Mid_vagina
OTU_97.24904,Anterior_nares
OTU_97.24907,Saliva
OTU_97.24907,Buccal_mucosa
OTU_97.24922,Mid_vagina
OTU_97.24922,Buccal_mucosa
OTU_97.24922,Tongue_dorsum
OTU_97.24923,Subgingival_plaque
OTU_97.24943,Subgingival_plaque
OTU_97.24943,Buccal_mucosa
OTU_97.24943,Tongue_dorsum
OTU_97.24955,Tongue_dorsum
OTU_97.24956,Saliva
OTU_97.24959,Subgingival_plaque
OTU_97.24959,Anterior_nares
OTU_97.24962,Stool
OTU_97.24970,Palatine_Tonsils
OTU_97.24986,Subgingival_plaque
OTU_97.24986,Attached_Keratinized_gingiva
OTU_97.24990,Buccal_mucosa
OTU_97.24990,Tongue_dorsum
OTU_97.24998,Attached_Keratinized_gingiva
OTU_97.24998,Tongue_dorsum
OTU_97.25001,Posterior_fornix
OTU_97.25001,Tongue_dorsum
OTU_97.25005,Saliva
OTU_97.25005,Buccal_mucosa
OTU_97.25018,Palatine_Tonsils
OTU_97.25018,Left_Retroauricular_crease
OTU_97.25040,Hard_palate
OTU_97.2505,Stool
OTU_97.25059,Left_Retroauricular_crease
OTU_97.2506,Buccal_mucosa
OTU_97.2506,Palatine_Tonsils
OTU_97.2506,Left_Retroauricular_crease
OTU_97.25065,Throat
OTU_97.25069,Supragingival_plaque
OTU_97.2507,Palatine_Tonsils
OTU_97.2507,Tongue_dorsum
OTU_97.2507,Left_Retroauricular_crease
OTU_97.2507,Right_Retroauricular_crease
OTU_97.25085,Palatine_Tonsils
OTU_97.25107,Posterior_fornix
OTU_97.25108,Tongue_dorsum
OTU_97.25115,Subgingival_plaque
OTU_97.25119,Posterior_fornix
OTU_97.25119,Buccal_mucosa
OTU_97.25120,Attached_Keratinized_gingiva
OTU_97.25134,Stool
OTU_97.25134,Hard_palate
OTU_97.25137,Stool
OTU_97.25137,Throat
OTU_97.25137,Buccal_mucosa
OTU_97.25137,Right_Retroauricular_crease
OTU_97.25139,Stool
OTU_97.25141,Anterior_nares
OTU_97.25147,Stool
OTU_97.25148,Subgingival_plaque
OTU_97.25169,Attached_Keratinized_gingiva
OTU_97.25169,Tongue_dorsum
OTU_97.25169,Anterior_nares
OTU_97.25174,Attached_Keratinized_gingiva
OTU_97.25176,Right_Retroauricular_crease
OTU_97.25189,Stool
OTU_97.25189,Saliva
OTU_97.25189,Mid_vagina
OTU_97.25198,Subgingival_plaque
OTU_97.25199,Supragingival_plaque
OTU_97.25213,Tongue_dorsum
OTU_97.2522,Stool
OTU_97.2522,Mid_vagina
OTU_97.2522,Buccal_mucosa
OTU_97.25220,Subgingival_plaque
OTU_97.25220,Supragingival_plaque
OTU_97.25221,Throat
OTU_97.25221,Supragingival_plaque
OTU_97.25221,Attached_Keratinized_gingiva
OTU_97.25221,Left_Retroauricular_crease
OTU_97.25242,Subgingival_plaque
OTU_97.25242,Posterior_fornix
OTU_97.25242,Right_Retroauricular_crease
OTU_97.25256,Hard_palate
OTU_97.25261,Tongue_dorsum
OTU_97.25264,Left_Retroauricular_crease
OTU_97.25269,Palatine_Tonsils
OTU_97.25269,Right_Retroauricular_crease
OTU_97.25271,Saliva
OTU_97.25271,Anterior_nares
OTU_97.25272,Stool
OTU_97.25272,Buccal_mucosa
OTU_97.25273,Throat
OTU_97.25273,Tongue_dorsum
OTU_97.25278,Saliva
OTU_97.25278,Mid_vagina
OTU_97.25287,Left_Retroauricular_crease
OTU_97.25291,Supragingival_plaque
OTU_97.25291,Left_Retroauricular_crease
OTU_97.25295,Tongue_dorsum
OTU_97.2530,Throat
OTU_97.25301,Subgingival_plaque
OTU_97.25301,Posterior_fornix
OTU_97.25305,Right_Retroauricular_crease
OTU_97.25306,Subgingival_plaque
OTU_97.25306,Tongue_dorsum
OTU_97.25307,Stool
OTU_97.25307,Left_Retroauricular_crease
OTU_97.25308,Attached_Keratinized_gingiva
OTU_97.25308,Buccal_mucosa
OTU_97.25318,Mid_vagina
OTU_97.25322,Mid_vagina
OTU_97.25324,Throat
OTU_97.25324,Subgingival_plaque
OTU_97.25338,Saliva
OTU_97.25341,Palatine_Tonsils
OTU_97.25343,Hard_palate
OTU_97.25349,Mid_vagina
OTU_97.25357,Stool
OTU_97.25360,Subgingival_plaque
OTU_97.25360,Palatine_Tonsils
OTU_97.25362,Subgingival_plaque
OTU_97.25362,Buccal_mucosa
OTU_97.2537,Tongue_dorsum
OTU_97.25370,Posterior_fornix
OTU_97.25370,Palatine_Tonsils
OTU_97.25370,Right_Retroauricular_crease
OTU_97.25372,Right_Retroauricular_crease
OTU_97.25375,Attached_Keratinized_gingiva
OTU_97.25379,Right_Retroauricular_crease
OTU_97.25384,Saliva
OTU_97.25384,Buccal_mucosa
OTU_97.25392,Palatine_Tonsils
OTU_97.25393,Stool
OTU_97.254,Left_Retroauricular_crease
OTU_97.25400,Posterior_fornix
OTU_97.25400,Tongue_dorsum
OTU_97.25406,Mid_vagina
OTU_97.25410,Buccal_mucosa
OTU_97.25410,Right_Retroauricular_crease
OTU_97.25413,Anterior_nares
OTU_97.25415,Anterior_nares
OTU_97.25417,Stool
OTU_97.25421,Stool
OTU_97.25422,Anterior_nares
OTU_97.25423,Subgingival_plaque
OTU_97.25423,Right_Retroauricular_crease
OTU_97.25428,Attached_Keratinized_gingiva
OTU_97.25428,Hard_palate
OTU_97.2544,Palatine_Tonsils
OTU_97.2544,Anterior_nares
OTU_97.25442,Left_Retroauricular_crease
OTU_97.25442,Anterior_nares
OTU_97.25454,Throat
OTU_97.25454,Subgingival_plaque
OTU_97.25460,Right_Retroauricular_crease
OTU_97.25468,Attached_Keratinized_gingiva
OTU_97.25468,Anterior_nares
OTU_97.25486,Buccal_mucosa
OTU_97.25498,Saliva
OTU_97.25498,Hard_palate
OTU_97.255,Hard_palate
OTU_97.255,Right_Retroauricular_crease
OTU_97.25500,Right_Retroauricular_crease
OTU_97.2551,Throat
OTU_97.25515,Saliva
OTU_97.25515,Mid_vagina
OTU_97.25518,Saliva
OTU_97.25518,Palatine_Tonsils
OTU_97.25551,Subgingival_plaque
OTU_97.25560,Throat
OTU_97.25569,Supragingival_plaque
OTU_97.25569,Palatine_Tonsils
OTU_97.25570,Left_Retroauricular_crease
OTU_97.25576,Tongue_dorsum
OTU_97.25581,Throat
OTU_97.25591,Stool
OTU_97.25594,Supragingival_plaque
OTU_97.25594,Tongue_dorsum
OTU_97.25603,Buccal_mucosa
OTU_97.25603,Palatine_Tonsils
OTU_97.25605,Right_Retroauricular_crease
OTU_97.2561,Supragingival_plaque
OTU_97.2561,Buccal_mucosa
OTU_97.25612,Saliva
OTU_97.25614,Posterior_fornix
OTU_97.25633,Tongue_dorsum
OTU_97.25637,Posterior_fornix
OTU_97.25640,Mid_vagina
OTU_97.25640,Buccal_mucosa
OTU_97.25650,Buccal_mucosa
OTU_97.25650,Right_Retroauricular_crease
OTU_97.25654,Anterior_nares
OTU_97.25662,Throat
OTU_97.25672,Throat
OTU_97.25672,Supragingival_plaque
OTU_97.25672,Buccal_mucosa
OTU_97.25684,Throat
OTU_97.25694,Attached_Keratinized_gingiva
OTU_97.25708,Right_Retroauricular_crease
OTU_97.25709,Tongue_dorsum
OTU_97.25719,Tongue_dorsum
OTU_97.25721,Hard_palate
OTU_97.25723,Palatine_Tonsils
OTU_97.25736,Right_Retroauricular_crease
OTU_97.2575,Mid_vagina
OTU_97.25766,Throat
OTU_97.25766,Subgingival_plaque
OTU_97.25786,Supragingival_plaque
OTU_97.25786,Posterior_fornix
OTU_97.25786,Hard_palate
OTU_97.25790,Saliva
OTU_97.25790,Left_Retroauricular_crease
OTU_97.25791,Left_Retroauricular_crease
OTU_97.258,Stool
OTU_97.25806,Mid_vagina
OTU_97.25806,Anterior_nares
OTU_97.25809,Right_Retroauricular_crease
OTU_97.2581,Throat
OTU_97.2581,Mid_vagina
OTU_97.25812,Throat
OTU_97.25814,Mid_vagina
OTU_97.25814,Left_Retroauricular_crease
OTU_97.25816,Attached_Keratinized_gingiva
OTU_97.25819,Palatine_Tonsils
OTU_97.25828,Posterior_fornix
OTU_97.25828,Tongue_dorsum
OTU_97.25828,Anterior_nares
OTU_97.25834,Right_Retroauricular_crease
OTU_97.25842,Hard_palate
OTU_97.25846,Posterior_fornix
OTU_97.25846,Buccal_mucosa
OTU_97.2585,Posterior_fornix
OTU_97.25859,Right_Retroauricular_crease
OTU_97.2586,Attached_Keratinized_gingiva
OTU_97.25862,Stool
OTU_97.25862,Subgingival_plaque
OTU_97.25862,Attached_Keratinized_gingiva
OTU_97.25868,Saliva
OTU_97.25868,Buccal_mucosa
OTU_97.25877,Throat
OTU_97.25880,Hard_palate
OTU_97.25882,Supragingival_plaque
OTU_97.2590,Stool
OTU_97.2591,Mid_vagina
OTU_97.25921,Palatine_Tonsils
OTU_97.25928,Anterior_nares
OTU_97.25936,Tongue_dorsum
OTU_97.25948,Stool
OTU_97.25948,Throat
OTU_97.25956,Hard_palate
OTU_97.2596,Hard_palate
OTU_97.2596,Right_Retroauricular_crease
OTU_97.25964,Supragingival_plaque
OTU_97.25964,Attached_Keratinized_gingiva
OTU_97.25968,Posterior_fornix
OTU_97.25968,Palatine_Tonsils
OTU_97.25972,Stool
OTU_97.25972,Mid_vagina
OTU_97.25984,Tongue_dorsum
OTU_97.25999,Right_Retroauricular_crease
OTU_97.25999,Anterior_nares
OTU_97.26,Saliva
OTU_97.26,Mid_vagina
OTU_97.26001,Stool
OTU_97.26011,Left_Retroauricular_crease
OTU_97.26012,Attached_Keratinized_gingiva
OTU_97.26013,Subgingival_plaque
OTU_97.26013,Right_Retroauricular_crease
OTU_97.2602,Supragingival_plaque
OTU_97.2602,Posterior_fornix
OTU_97.26020,Stool
OTU_97.26020,Posterior_fornix
OTU_97.26020,Mid_vagina
OTU_97.26020,Palatine_Tonsils
OTU_97.26025,Attached_Keratinized_gingiva
OTU_97.26025,Posterior_fornix
OTU_97.26030,Throat
OTU_97.26030,Subgingival_plaque
OTU_97.26030,Anterior_nares
OTU_97.26034,Supragingival_plaque
OTU_97.26034,Mid_vagina
OTU_97.26037,Supragingival_plaque
OTU_97.26037,Attached_Keratinized_gingiva
OTU_97.26037,Palatine_Tonsils
OTU_97.26042,Buccal_mucosa
OTU_97.26051,Saliva
OTU_97.26054,Right_Retroauricular_crease
OTU_97.26057,Tongue_dorsum
OTU_97.26057,Hard_palate
OTU_97.26059,Tongue_dorsum
OTU_97.26059,Hard_palate
OTU_97.26065,Mid_vagina
OTU_97.26065,Right_Retroauricular_crease
OTU_97.26071,Throat
OTU_97.26071,Saliva
OTU_97.26075,Mid_vagina
OTU_97.26075,Right_Retroauricular_crease
OTU_97.26083,Posterior_fornix
OTU_97.26083,Left_Retroauricular_crease
OTU_97.26085,Right_Retroauricular_crease
OTU_97.26089,Tongue_dorsum
OTU_97.26091,Right_Retroauricular_crease
OTU_97.26098,Left_Retroauricular_crease
OTU_97.261,Attached_Keratinized_gingiva
OTU_97.261,Buccal_mucosa
OTU_97.261,Tongue_dorsum
OTU_97.261,Right_Retroauricular_crease
OTU_97.26103,Palatine_Tonsils
OTU_97.26104,Stool
OTU_97.26107,Right_Retroauricular_crease
OTU_97.26107,Anterior_nares
OTU_97.26116,Supragingival_plaque
OTU_97.26118,Left_Retroauricular_crease
OTU_97.26119,Left_Retroauricular_crease
OTU_97.26119,Right_Retroauricular_crease
OTU_97.26120,Hard_palate
OTU_97.26120,Left_Retroauricular_crease
OTU_97.26137,Subgingival_plaque
OTU_97.26137,Mid_vagina
OTU_97.26142,Tongue_dorsum
OTU_97.26146,Tongue_dorsum
OTU_97.26148,Buccal_mucosa
OTU_97.26152,Supragingival_plaque
OTU_97.26152,Attached_Keratinized_gingiva
OTU_97.26163,Supragingival_plaque
OTU_97.26167,Left_Retroauricular_crease
OTU_97.26171,Buccal_mucosa
OTU_97.26172,Posterior_fornix
OTU_97.26180,Tongue_dorsum
OTU_97.26182,Palatine_Tonsils
OTU_97.26190,Saliva
OTU_97.26193,Attached_Keratinized_gingiva
OTU_97.26193,Buccal_mucosa
OTU_97.26196,Saliva
OTU_97.26196,Palatine_Tonsils
OTU_97.26198,Throat
OTU_97.26198,Palatine_Tonsils
OTU_97.26203,Palatine_Tonsils
OTU_97.26203,Tongue_dorsum
OTU_97.26204,Left_Retroauricular_crease
OTU_97.26213,Supragingival_plaque
OTU_97.26213,Buccal_mucosa
OTU_97.26223,Right_Retroauricular_crease
OTU_97.26224,Anterior_nares
OTU_97.2623,Palatine_Tonsils
OTU_97.26235,Mid_vagina
OTU_97.26235,Hard_palate
OTU_97.2624,Saliva
OTU_97.2624,Palatine_Tonsils
OTU_97.26244,Throat
OTU_97.26247,Stool
OTU_97.26257,Saliva
OTU_97.26267,Attached_Keratinized_gingiva
OTU_97.26274,Posterior_fornix
OTU_97.26274,Anterior_nares
OTU_97.26277,Stool
OTU_97.26277,Left_Retroauricular_crease
OTU_97.26278,Buccal_mucosa
OTU_97.26289,Stool
OTU_97.26289,Saliva
OTU_97.26289,Palatine_Tonsils
OTU_97.26291,Right_Retroauricular_crease
OTU_97.26293,Right_Retroauricular_crease
OTU_97.263,Subgingival_plaque
OTU_97.263,Saliva
OTU_97.26309,Right_Retroauricular_crease
OTU_97.26310,Saliva
OTU_97.26311,Stool
OTU_97.26318,Left_Retroauricular_crease
OTU_97.2632,Saliva
OTU_97.2632,Posterior_fornix
OTU_97.2632,Left_Retroauricular_crease
OTU_97.26326,Tongue_dorsum
OTU_97.26328,Tongue_dorsum
OTU_97.26329,Tongue_dorsum
OTU_97.26331,Stool
OTU_97.26331,Subgingival_plaque
OTU_97.26331,Mid_vagina
OTU_97.26337,Throat
OTU_97.26337,Tongue_dorsum
OTU_97.2634,Tongue_dorsum
OTU_97.26348,Posterior_fornix
OTU_97.26352,Posterior_fornix
OTU_97.26353,Throat
OTU_97.26353,Posterior_fornix
OTU_97.2637,Saliva
OTU_97.26381,Posterior_fornix
OTU_97.26383,Right_Retroauricular_crease
OTU_97.26398,Supragingival_plaque
OTU_97.26398,Attached_Keratinized_gingiva
OTU_97.264,Subgingival_plaque
OTU_97.264,Mid_vagina
OTU_97.264,Hard_palate
OTU_97.26402,Stool
OTU_97.26402,Throat
OTU_97.26418,Posterior_fornix
OTU_97.26418,Mid_vagina
OTU_97.26425,Mid_vagina
OTU_97.26426,Throat
OTU_97.26426,Mid_vagina
OTU_97.26426,Right_Retroauricular_crease
OTU_97.26436,Left_Retroauricular_crease
OTU_97.26459,Stool
OTU_97.26465,Attached_Keratinized_gingiva
OTU_97.26466,Supragingival_plaque
OTU_97.26466,Anterior_nares
OTU_97.26468,Right_Retroauricular_crease
OTU_97.2647,Mid_vagina
OTU_97.26473,Stool
OTU_97.26473,Subgingival_plaque
OTU_97.26476,Subgingival_plaque
OTU_97.26481,Attached_Keratinized_gingiva
OTU_97.26482,Mid_vagina
OTU_97.26482,Right_Retroauricular_crease
OTU_97.26483,Hard_palate
OTU_97.26489,Supragingival_plaque
OTU_97.26498,Posterior_fornix
OTU_97.26507,Tongue_dorsum
OTU_97.26510,Attached_Keratinized_gingiva
OTU_97.26524,Posterior_fornix
OTU_97.26525,Throat
OTU_97.26525,Saliva
OTU_97.26525,Palatine_Tonsils
OTU_97.26542,Supragingival_plaque
OTU_97.26542,Right_Retroauricular_crease
OTU_97.26545,Hard_palate
OTU_97.26548,Attached_Keratinized_gingiva
OTU_97.26548,Mid_vagina
OTU_97.26548,Tongue_dorsum
OTU_97.26548,Left_Retroauricular_crease
OTU_97.26559,Hard_palate
OTU_97.26562,Stool
OTU_97.26563,Anterior_nares
OTU_97.26568,Mid_vagina
OTU_97.26568,Hard_palate
OTU_97.26574,Supragingival_plaque
OTU_97.26576,Throat
OTU_97.26576,Attached_Keratinized_gingiva
OTU_97.26576,Right_Retroauricular_crease
OTU_97.26579,Mid_vagina
OTU_97.26585,Stool
OTU_97.26585,Mid_vagina
OTU_97.26588,Right_Retroauricular_crease
OTU_97.26602,Stool
OTU_97.26602,Attached_Keratinized_gingiva
OTU_97.26609,Attached_Keratinized_gingiva
OTU_97.26612,Mid_vagina
OTU_97.26615,Mid_vagina
OTU_97.2662,Stool
OTU_97.26620,Saliva
OTU_97.26621,Saliva
OTU_97.26625,Hard_palate
OTU_97.26643,Throat
OTU_97.26643,Hard_palate
OTU_97.26643,Right_Retroauricular_crease
OTU_97.26645,Posterior_fornix
OTU_97.26646,Right_Retroauricular_crease
OTU_97.26647,Supragingival_plaque
OTU_97.26647,Left_Retroauricular_crease
OTU_97.26651,Palatine_Tonsils
OTU_97.26651,Left_Retroauricular_crease
OTU_97.26660,Mid_vagina
OTU_97.26664,Stool
OTU_97.26664,Saliva
OTU_97.26666,Posterior_fornix
OTU_97.26671,Buccal_mucosa
OTU_97.26690,Throat
OTU_97.26703,Saliva
OTU_97.26703,Mid_vagina
OTU_97.26703,Buccal_mucosa
OTU_97.26703,Tongue_dorsum
OTU_97.26714,Subgingival_plaque
OTU_97.26714,Attached_Keratinized_gingiva
OTU_97.26714,Right_Retroauricular_crease
OTU_97.26715,Throat
OTU_97.26715,Attached_Keratinized_gingiva
OTU_97.26717,Attached_Keratinized_gingiva
OTU_97.26717,Saliva
OTU_97.26719,Stool
OTU_97.26724,Throat
OTU_97.26725,Attached_Keratinized_gingiva
OTU_97.26726,Throat
OTU_97.26726,Palatine_Tonsils
OTU_97.26726,Right_Retroauricular_crease
OTU_97.26728,Tongue_dorsum
OTU_97.26728,Anterior_nares
OTU_97.26743,Posterior_fornix
OTU_97.26743,Right_Retroauricular_crease
OTU_97.26752,Posterior_fornix
OTU_97.26752,Mid_vagina
OTU_97.26764,Palatine_Tonsils
OTU_97.26764,Hard_palate
OTU_97.26775,Throat
OTU_97.26775,Attached_Keratinized_gingiva
OTU_97.26796,Supragingival_plaque
OTU_97.26796,Buccal_mucosa
OTU_97.26802,Supragingival_plaque
OTU_97.26802,Saliva
OTU_97.26802,Tongue_dorsum
OTU_97.26805,Buccal_mucosa
OTU_97.2681,Saliva
OTU_97.2681,Tongue_dorsum
OTU_97.2681,Anterior_nares
OTU_97.26810,Attached_Keratinized_gingiva
OTU_97.26813,Buccal_mucosa
OTU_97.26820,Saliva
OTU_97.26820,Palatine_Tonsils
OTU_97.26825,Palatine_Tonsils
OTU_97.26825,Hard_palate
OTU_97.26826,Stool
OTU_97.26836,Left_Retroauricular_crease
OTU_97.2685,Right_Retroauricular_crease
OTU_97.26856,Supragingival_plaque
OTU_97.26859,Attached_Keratinized_gingiva
OTU_97.26859,Tongue_dorsum
OTU_97.26861,Attached_Keratinized_gingiva
OTU_97.26861,Tongue_dorsum
OTU_97.26862,Anterior_nares
OTU_97.26876,Right_Retroauricular_crease
OTU_97.26908,Left_Retroauricular_crease
OTU_97.26911,Subgingival_plaque
OTU_97.26911,Anterior_nares
OTU_97.26913,Mid_vagina
OTU_97.26921,Supragingival_plaque
OTU_97.26923,Saliva
OTU_97.26924,Stool
OTU_97.26924,Posterior_fornix
OTU_97.26927,Throat
OTU_97.26928,Buccal_mucosa
OTU_97.26931,Throat
OTU_97.26931,Supragingival_plaque
OTU_97.26931,Palatine_Tonsils
OTU_97.26932,Right_Retroauricular_crease
OTU_97.26936,Buccal_mucosa
OTU_97.26949,Palatine_Tonsils
OTU_97.26949,Left_Retroauricular_crease
OTU_97.26949,Anterior_nares
OTU_97.26960,Stool
OTU_97.26965,Posterior_fornix
OTU_97.26979,Supragingival_plaque
OTU_97.2698,Posterior_fornix
OTU_97.2698,Hard_palate
OTU_97.26985,Saliva
OTU_97.26986,Stool
OTU_97.26986,Left_Retroauricular_crease
OTU_97.2699,Posterior_fornix
OTU_97.2699,Buccal_mucosa
OTU_97.27001,Subgingival_plaque
OTU_97.27001,Attached_Keratinized_gingiva
OTU_97.27001,Mid_vagina
OTU_97.27001,Left_Retroauricular_crease
OTU_97.27001,Right_Retroauricular_crease
OTU_97.27005,Stool
OTU_97.27005,Attached_Keratinized_gingiva
OTU_97.27005,Posterior_fornix
OTU_97.27013,Left_Retroauricular_crease
OTU_97.27026,Hard_palate
OTU_97.27028,Subgingival_plaque
OTU_97.27028,Supragingival_plaque
OTU_97.27028,Saliva
OTU_97.27031,Subgingival_plaque
OTU_97.27044,Throat
OTU_97.27044,Posterior_fornix
OTU_97.27044,Palatine_Tonsils
OTU_97.27049,Buccal_mucosa
OTU_97.27051,Supragingival_plaque
OTU_97.27051,Buccal_mucosa
OTU_97.27058,Supragingival_plaque
OTU_97.27058,Mid_vagina
OTU_97.27058,Right_Retroauricular_crease
OTU_97.27068,Mid_vagina
OTU_97.27068,Left_Retroauricular_crease
OTU_97.27069,Stool
OTU_97.27069,Anterior_nares
OTU_97.27071,Posterior_fornix
OTU_97.27075,Right_Retroauricular_crease
OTU_97.27081,Posterior_fornix
OTU_97.27081,Hard_palate
OTU_97.27089,Attached_Keratinized_gingiva
OTU_97.27092,Left_Retroauricular_crease
OTU_97.27094,Attached_Keratinized_gingiva
OTU_97.271,Buccal_mucosa
OTU_97.2710,Mid_vagina
OTU_97.2710,Left_Retroauricular_crease
OTU_97.27101,Posterior_fornix
OTU_97.27101,Buccal_mucosa
OTU_97.27101,Right_Retroauricular_crease
OTU_97.27116,Subgingival_plaque
OTU_97.27123,Left_Retroauricular_crease
OTU_97.27132,Throat
OTU_97.27132,Posterior_fornix
OTU_97.27156,Palatine_Tonsils
OTU_97.27156,Anterior_nares
OTU_97.27167,Throat
OTU_97.27171,Hard_palate
OTU_97.27176,Throat
OTU_97.27176,Saliva
OTU_97.27176,Right_Retroauricular_crease
OTU_97.27189,Anterior_nares
OTU_97.27192,Mid_vagina
OTU_97.27192,Palatine_Tonsils
OTU_97.27202,Throat
OTU_97.27211,Saliva
OTU_97.27214,Palatine_Tonsils
OTU_97.27214,Left_Retroauricular_crease
OTU_97.27215,Throat
OTU_97.27215,Buccal_mucosa
OTU_97.27221,Throat
OTU_97.27221,Mid_vagina
OTU_97.2723,Buccal_mucosa
OTU_97.2723,Hard_palate
OTU_97.27230,Posterior_fornix
OTU_97.27230,Tongue_dorsum
OTU_97.27232,Stool
OTU_97.2724,Left_Retroauricular_crease
OTU_97.27256,Posterior_fornix
OTU_97.27256,Buccal_mucosa
OTU_97.27256,Hard_palate
OTU_97.27256,Left_Retroauricular_crease
OTU_97.27256,Right_Retroauricular_crease
OTU_97.2726,Stool
OTU_97.2726,Posterior_fornix
OTU_97.2726,Mid_vagina
OTU_97.27267,Right_Retroauricular_crease
OTU_97.27270,Mid_vagina
OTU_97.27270,Hard_palate
OTU_97.27270,Left_Retroauricular_crease
OTU_97.27277,Subgingival_plaque
OTU_97.27277,Supragingival_plaque
OTU_97.27277,Left_Retroauricular_crease
OTU_97.27279,Stool
OTU_97.2728,Buccal_mucosa
OTU_97.2728,Palatine_Tonsils
OTU_97.27293,Stool
OTU_97.27293,Supragingival_plaque
OTU_97.27293,Anterior_nares
OTU_97.27296,Attached_Keratinized_gingiva
OTU_97.27296,Right_Retroauricular_crease
OTU_97.273,Anterior_nares
OTU_97.2730,Posterior_fornix
OTU_97.27312,Posterior_fornix
OTU_97.27312,Mid_vagina
OTU_97.2732,Saliva
OTU_97.27320,Attached_Keratinized_gingiva
OTU_97.27320,Saliva
OTU_97.27320,Palatine_Tonsils
OTU_97.27325,Throat
OTU_97.27325,Palatine_Tonsils
OTU_97.27325,Hard_palate
OTU_97.27328,Tongue_dorsum
OTU_97.27328,Hard_palate
OTU_97.27331,Saliva
OTU_97.27331,Palatine_Tonsils
OTU_97.27331,Tongue_dorsum
OTU_97.27338,Anterior_nares
OTU_97.27348,Buccal_mucosa
OTU_97.27348,Tongue_dorsum
OTU_97.27348,Right_Retroauricular_crease
OTU_97.27349,Posterior_fornix
OTU_97.27349,Palatine_Tonsils
OTU_97.27358,Anterior_nares
OTU_97.27362,Tongue_dorsum
OTU_97.27369,Throat
OTU_97.27369,Mid_vagina
OTU_97.2737,Stool
OTU_97.2737,Posterior_fornix
OTU_97.27373,Mid_vagina
OTU_97.27373,Left_Retroauricular_crease
OTU_97.27388,Throat
OTU_97.27388,Saliva
OTU_97.27389,Mid_vagina
OTU_97.27392,Throat
OTU_97.27394,Left_Retroauricular_crease
OTU_97.27394,Right_Retroauricular_crease
OTU_97.274,Stool
OTU_97.27402,Throat
OTU_97.27402,Attached_Keratinized_gingiva
OTU_97.27405,Buccal_mucosa
OTU_97.27420,Mid_vagina
OTU_97.2743,Throat
OTU_97.2743,Buccal_mucosa
OTU_97.2743,Anterior_nares
OTU_97.27442,Palatine_Tonsils
OTU_97.27446,Anterior_nares
OTU_97.27458,Tongue_dorsum
OTU_97.27458,Right_Retroauricular_crease
OTU_97.27464,Left_Retroauricular_crease
OTU_97.27469,Stool
OTU_97.27469,Attached_Keratinized_gingiva
OTU_97.27471,Right_Retroauricular_crease
OTU_97.27471,Anterior_nares
OTU_97.27481,Saliva
OTU_97.27484,Subgingival_plaque
OTU_97.27486,Saliva
OTU_97.27486,Mid_vagina
OTU_97.27486,Right_Retroauricular_crease
OTU_97.27489,Subgingival_plaque
OTU_97.27489,Attached_Keratinized_gingiva
OTU_97.27489,Anterior_nares
OTU_97.27496,Stool
OTU_97.27496,Posterior_fornix
OTU_97.27499,Tongue_dorsum
OTU_97.27499,Anterior_nares
OTU_97.27501,Mid_vagina
OTU_97.27501,Anterior_nares
OTU_97.27503,Subgingival_plaque
OTU_97.27505,Right_Retroauricular_crease
OTU_97.27509,Supragingival_plaque
OTU_97.27509,Attached_Keratinized_gingiva
OTU_97.27509,Right_Retroauricular_crease
OTU_97.2751,Stool
OTU_97.27514,Hard_palate
OTU_97.27514,Anterior_nares
OTU_97.27524,Throat
OTU_97.27533,Anterior_nares
OTU_97.27534,Saliva
OTU_97.27534,Palatine_Tonsils
OTU_97.27540,Attached_Keratinized_gingiva
OTU_97.27540,Posterior_fornix
OTU_97.27544,Mid_vagina
OTU_97.27547,Subgingival_plaque
OTU_97.27547,Supragingival_plaque
OTU_97.27549,Mid_vagina
OTU_97.27549,Tongue_dorsum
OTU_97.27554,Mid_vagina
OTU_97.27556,Attached_Keratinized_gingiva
OTU_97.27556,Palatine_Tonsils
OTU_97.27560,Anterior_nares
OTU_97.27566,Supragingival_plaque
OTU_97.27569,Tongue_dorsum
OTU_97.27588,Subgingival_plaque
OTU_97.27588,Posterior_fornix
OTU_97.27590,Tongue_dorsum
OTU_97.27601,Supragingival_plaque
OTU_97.27617,Tongue_dorsum
OTU_97.27620,Hard_palate
OTU_97.27634,Posterior_fornix
OTU_97.27639,Saliva
OTU_97.27639,Mid_vagina
OTU_97.27659,Saliva
OTU_97.27686,Subgingival_plaque
OTU_97.27686,Supragingival_plaque
OTU_97.27689,Buccal_mucosa
OTU_97.27702,Mid_vagina
OTU_97.27702,Hard_palate
OTU_97.27702,Left_Retroauricular_crease
OTU_97.27707,Hard_palate
OTU_97.27707,Right_Retroauricular_crease
OTU_97.27710,Stool
OTU_97.27731,Mid_vagina
OTU_97.27731,Hard_palate
OTU_97.27739,Palatine_Tonsils
OTU_97.27741,Saliva
OTU_97.27748,Throat
OTU_97.2775,Attached_Keratinized_gingiva
OTU_97.2775,Buccal_mucosa
OTU_97.2775,Right_Retroauricular_crease
OTU_97.27753,Posterior_fornix
OTU_97.27753,Left_Retroauricular_crease
OTU_97.27762,Supragingival_plaque
OTU_97.27762,Mid_vagina
OTU_97.27767,Stool
OTU_97.27768,Subgingival_plaque
OTU_97.27770,Hard_palate
OTU_97.27773,Supragingival_plaque
OTU_97.27773,Buccal_mucosa
OTU_97.27773,Palatine_Tonsils
OTU_97.27773,Anterior_nares
OTU_97.27780,Saliva
OTU_97.27781,Subgingival_plaque
OTU_97.27782,Saliva
OTU_97.27782,Posterior_fornix
OTU_97.27782,Palatine_Tonsils
OTU_97.27791,Supragingival_plaque
OTU_97.27791,Hard_palate
OTU_97.27793,Buccal_mucosa
OTU_97.27793,Palatine_Tonsils
OTU_97.27794,Stool
OTU_97.27794,Left_Retroauricular_crease
OTU_97.27798,Posterior_fornix
OTU_97.27798,Buccal_mucosa
OTU_97.27798,Palatine_Tonsils
OTU_97.278,Right_Retroauricular_crease
OTU_97.27803,Attached_Keratinized_gingiva
OTU_97.27803,Right_Retroauricular_crease
OTU_97.27804,Hard_palate
OTU_97.27805,Attached_Keratinized_gingiva
OTU_97.27811,Mid_vagina
OTU_97.27815,Attached_Keratinized_gingiva
OTU_97.27815,Saliva
OTU_97.27815,Left_Retroauricular_crease
OTU_97.27816,Posterior_fornix
OTU_97.27816,Anterior_nares
OTU_97.27826,Palatine_Tonsils
OTU_97.27831,Subgingival_plaque
OTU_97.27831,Saliva
OTU_97.27831,Palatine_Tonsils
OTU_97.27840,Subgingival_plaque
OTU_97.27840,Buccal_mucosa
OTU_97.2785,Supragingival_plaque
OTU_97.27851,Throat
OTU_97.27852,Subgingival_plaque
OTU_97.27852,Buccal_mucosa
OTU_97.27852,Anterior_nares
OTU_97.27868,Buccal_mucosa
OTU_97.27868,Anterior_nares
OTU_97.27871,Posterior_fornix
OTU_97.27871,Buccal_mucosa
OTU_97.27877,Buccal_mucosa
OTU_97.27879,Supragingival_plaque
OTU_97.27879,Tongue_dorsum
OTU_97.27882,Buccal_mucosa
OTU_97.27886,Posterior_fornix
OTU_97.27887,Attached_Keratinized_gingiva
OTU_97.27896,Stool
OTU_97.27896,Saliva
OTU_97.27897,Throat
OTU_97.27897,Hard_palate
OTU_97.27900,Anterior_nares
OTU_97.27901,Throat
OTU_97.27901,Saliva
OTU_97.27903,Tongue_dorsum
OTU_97.27927,Throat
OTU_97.27927,Posterior_fornix
OTU_97.27927,Right_Retroauricular_crease
OTU_97.27932,Mid_vagina
OTU_97.27932,Buccal_mucosa
OTU_97.27937,Supragingival_plaque
OTU_97.27937,Attached_Keratinized_gingiva
OTU_97.27939,Anterior_nares
OTU_97.27944,Supragingival_plaque
OTU_97.27956,Hard_palate
OTU_97.27977,Right_Retroauricular_crease
OTU_97.27980,Attached_Keratinized_gingiva
OTU_97.27980,Palatine_Tonsils
OTU_97.27981,Attached_Keratinized_gingiva
OTU_97.27983,Tongue_dorsum
OTU_97.27987,Left_Retroauricular_crease
OTU_97.27997,Stool
OTU_97.27997,Subgingival_plaque
OTU_97.27997,Supragingival_plaque
OTU_97.27997,Right_Retroauricular_crease
OTU_97.28,Supragingival_plaque
OTU_97.2800,Throat
OTU_97.2800,Attached_Keratinized_gingiva
OTU_97.2800,Right_Retroauricular_crease
OTU_97.28005,Anterior_nares
OTU_97.28008,Saliva
OTU_97.28008,Right_Retroauricular_crease
OTU_97.28013,Saliva
OTU_97.28013,Tongue_dorsum
OTU_97.28014,Supragingival_plaque
OTU_97.28017,Attached_Keratinized_gingiva
OTU_97.28017,Hard_palate
OTU_97.28017,Anterior_nares
OTU_97.28018,Saliva
OTU_97.28025,Subgingival_plaque
OTU_97.28025,Palatine_Tonsils
OTU_97.28025,Left_Retroauricular_crease
OTU_97.28026,Palatine_Tonsils
OTU_97.28026,Right_Retroauricular_crease
OTU_97.28031,Supragingival_plaque
OTU_97.28035,Buccal_mucosa
OTU_97.28035,Right_Retroauricular_crease
OTU_97.28050,Throat
OTU_97.28060,Posterior_fornix
OTU_97.28060,Left_Retroauricular_crease
OTU_97.28074,Stool
OTU_97.28074,Throat
OTU_97.28074,Anterior_nares
OTU_97.28078,Mid_vagina
OTU_97.28078,Anterior_nares
OTU_97.28081,Stool
OTU_97.28091,Stool
OTU_97.28091,Attached_Keratinized_gingiva
OTU_97.28105,Right_Retroauricular_crease
OTU_97.28115,Stool
OTU_97.28115,Buccal_mucosa
OTU_97.28115,Hard_palate
OTU_97.28118,Saliva
OTU_97.28118,Left_Retroauricular_crease
OTU_97.28118,Right_Retroauricular_crease
OTU_97.2812,Right_Retroauricular_crease
OTU_97.28123,Subgingival_plaque
OTU_97.28123,Mid_vagina
OTU_97.28126,Stool
OTU_97.28127,Saliva
OTU_97.28129,Stool
OTU_97.28130,Posterior_fornix
OTU_97.28130,Mid_vagina
OTU_97.28132,Subgingival_plaque
OTU_97.28132,Posterior_fornix
OTU_97.28136,Stool
OTU_97.28141,Subgingival_plaque
OTU_97.28141,Mid_vagina
OTU_97.28143,Mid_vagina
OTU_97.28151,Stool
OTU_97.28163,Right_Retroauricular_crease
OTU_97.28166,Palatine_Tonsils
OTU_97.28172,Stool
OTU_97.28189,Throat
OTU_97.28189,Subgingival_plaque
OTU_97.28198,Subgingival_plaque
OTU_97.28198,Tongue_dorsum
OTU_97.28200,Palatine_Tonsils
OTU_97.28212,Mid_vagina
OTU_97.28219,Supragingival_plaque
OTU_97.28219,Posterior_fornix
OTU_97.28223,Palatine_Tonsils
OTU_97.28223,Left_Retroauricular_crease
OTU_97.28231,Anterior_nares
OTU_97.28234,Tongue_dorsum
OTU_97.28237,Anterior_nares
OTU_97.28239,Posterior_fornix
OTU_97.28244,Posterior_fornix
OTU_97.28244,Mid_vagina
OTU_97.28244,Tongue_dorsum
OTU_97.28259,Saliva
OTU_97.28259,Buccal_mucosa
OTU_97.28276,Buccal_mucosa
OTU_97.28281,Stool
OTU_97.28281,Throat
OTU_97.28281,Posterior_fornix
OTU_97.28285,Supragingival_plaque
OTU_97.28292,Saliva
OTU_97.28295,Stool
OTU_97.28295,Left_Retroauricular_crease
OTU_97.28305,Saliva
OTU_97.28305,Right_Retroauricular_crease
OTU_97.28306,Right_Retroauricular_crease
OTU_97.28308,Left_Retroauricular_crease
OTU_97.2832,Throat
OTU_97.2832,Saliva
OTU_97.28320,Left_Retroauricular_crease
OTU_97.28328,Posterior_fornix
OTU_97.28339,Left_Retroauricular_crease
OTU_97.28342,Saliva
OTU_97.28342,Buccal_mucosa
OTU_97.28345,Throat
OTU_97.28345,Attached_Keratinized_gingiva
OTU_97.28345,Right_Retroauricular_crease
OTU_97.28353,Saliva
OTU_97.28353,Hard_palate
OTU_97.28366,Mid_vagina
OTU_97.28372,Throat
OTU_97.28372,Mid_vagina
OTU_97.28378,Subgingival_plaque
OTU_97.2839,Attached_Keratinized_gingiva
OTU_97.2839,Right_Retroauricular_crease
OTU_97.28396,Supragingival_plaque
OTU_97.28405,Anterior_nares
OTU_97.28416,Hard_palate
OTU_97.28416,Anterior_nares
OTU_97.28422,Subgingival_plaque
OTU_97.28425,Saliva
OTU_97.28425,Right_Retroauricular_crease
OTU_97.28427,Hard_palate
OTU_97.28428,Left_Retroauricular_crease
OTU_97.28432,Buccal_mucosa
OTU_97.28443,Tongue_dorsum
OTU_97.28443,Left_Retroauricular_crease
OTU_97.28462,Left_Retroauricular_crease
OTU_97.28465,Saliva
OTU_97.28472,Saliva
OTU_97.28473,Supragingival_plaque
OTU_97.28473,Saliva
OTU_97.28473,Left_Retroauricular_crease
OTU_97.28486,Stool
OTU_97.28486,Right_Retroauricular_crease
OTU_97.28499,Left_Retroauricular_crease
OTU_97.28500,Mid_vagina
OTU_97.28500,Anterior_nares
OTU_97.28501,Saliva
OTU_97.28501,Palatine_Tonsils
OTU_97.28511,Supragingival_plaque
OTU_97.28511,Tongue_dorsum
OTU_97.28513,Attached_Keratinized_gingiva
OTU_97.28513,Saliva
OTU_97.2852,Mid_vagina
OTU_97.2852,Palatine_Tonsils
OTU_97.28526,Attached_Keratinized_gingiva
OTU_97.2853,Hard_palate
OTU_97.28536,Attached_Keratinized_gingiva
OTU_97.28536,Right_Retroauricular_crease
OTU_97.2854,Stool
OTU_97.2854,Throat
OTU_97.28541,Tongue_dorsum
OTU_97.28545,Attached_Keratinized_gingiva
OTU_97.28549,Stool
OTU_97.28549,Throat
OTU_97.28549,Attached_Keratinized_gingiva
OTU_97.28549,Saliva
OTU_97.28562,Supragingival_plaque
OTU_97.28572,Mid_vagina
OTU_97.28572,Tongue_dorsum
OTU_97.28572,Right_Retroauricular_crease
OTU_97.2858,Saliva
OTU_97.28589,Stool
OTU_97.28589,Attached_Keratinized_gingiva
OTU_97.28589,Hard_palate
OTU_97.28589,Right_Retroauricular_crease
OTU_97.28595,Hard_palate
OTU_97.28599,Buccal_mucosa
OTU_97.28599,Left_Retroauricular_crease
OTU_97.28599,Anterior_nares
OTU_97.286,Buccal_mucosa
OTU_97.28600,Stool
OTU_97.28611,Subgingival_plaque
OTU_97.28633,Stool
OTU_97.28639,Posterior_fornix
OTU_97.28640,Left_Retroauricular_crease
OTU_97.28642,Stool
OTU_97.28642,Throat
OTU_97.28642,Supragingival_plaque
OTU_97.28652,Saliva
OTU_97.28652,Left_Retroauricular_crease
OTU_97.28656,Supragingival_plaque
OTU_97.28656,Posterior_fornix
OTU_97.28657,Stool
OTU_97.28657,Anterior_nares
OTU_97.2866,Right_Retroauricular_crease
OTU_97.28666,Mid_vagina
OTU_97.28666,Tongue_dorsum
OTU_97.28666,Right_Retroauricular_crease
OTU_97.28675,Subgingival_plaque
OTU_97.28680,Throat
OTU_97.28688,Hard_palate
OTU_97.28689,Supragingival_plaque
OTU_97.28689,Mid_vagina
OTU_97.28691,Subgingival_plaque
OTU_97.28694,Throat
OTU_97.28694,Supragingival_plaque
OTU_97.28695,Subgingival_plaque
OTU_97.28701,Posterior_fornix
OTU_97.28710,Saliva
OTU_97.28710,Posterior_fornix
OTU_97.28710,Left_Retroauricular_crease
OTU_97.28715,Throat
OTU_97.28718,Left_Retroauricular_crease
OTU_97.28723,Mid_vagina
OTU_97.28723,Buccal_mucosa
OTU_97.28725,Stool
OTU_97.28727,Stool
OTU_97.28727,Supragingival_plaque
OTU_97.2873,Palatine_Tonsils
OTU_97.28743,Attached_Keratinized_gingiva
OTU_97.28743,Mid_vagina
OTU_97.28744,Left_Retroauricular_crease
OTU_97.28746,Buccal_mucosa
OTU_97.28749,Supragingival_plaque
OTU_97.28749,Mid_vagina
OTU_97.28751,Right_Retroauricular_crease
OTU_97.28752,Palatine_Tonsils
OTU_97.28752,Left_Retroauricular_crease
OTU_97.28759,Supragingival_plaque
OTU_97.28773,Hard_palate
OTU_97.28774,Saliva
OTU_97.28774,Palatine_Tonsils
OTU_97.28775,Mid_vagina
OTU_97.28777,Posterior_fornix
OTU_97.28777,Tongue_dorsum
OTU_97.28777,Left_Retroauricular_crease
OTU_97.28780,Supragingival_plaque
OTU_97.28780,Saliva
OTU_97.28780,Tongue_dorsum
OTU_97.28780,Hard_palate
OTU_97.28788,Right_Retroauricular_crease
OTU_97.28788,Anterior_nares
OTU_97.28805,Throat
OTU_97.28814,Supragingival_plaque
OTU_97.28815,Right_Retroauricular_crease
OTU_97.28818,Saliva
OTU_97.28822,Palatine_Tonsils
OTU_97.28822,Tongue_dorsum
OTU_97.28830,Left_Retroauricular_crease
OTU_97.28836,Mid_vagina
OTU_97.28836,Tongue_dorsum
OTU_97.28841,Buccal_mucosa
OTU_97.28845,Posterior_fornix
OTU_97.28851,Palatine_Tonsils
OTU_97.28852,Throat
OTU_97.28852,Right_Retroauricular_crease
OTU_97.28855,Anterior_nares
OTU_97.28859,Supragingival_plaque
OTU_97.28859,Tongue_dorsum
OTU_97.28861,Saliva
OTU_97.28861,Left_Retroauricular_crease
OTU_97.28862,Stool
OTU_97.28881,Supragingival_plaque
OTU_97.28881,Buccal_mucosa
OTU_97.28881,Palatine_Tonsils
OTU_97.28882,Left_Retroauricular_crease
OTU_97.28883,Stool
OTU_97.28889,Throat
OTU_97.28889,Attached_Keratinized_gingiva
OTU_97.2889,Supragingival_plaque
OTU_97.28892,Left_Retroauricular_crease
OTU_97.28894,Throat
OTU_97.28894,Saliva
OTU_97.28894,Buccal_mucosa
OTU_97.28897,Right_Retroauricular_crease
OTU_97.28900,Anterior_nares
OTU_97.28918,Supragingival_plaque
OTU_97.28918,Buccal_mucosa
OTU_97.28924,Tongue_dorsum
OTU_97.28945,Attached_Keratinized_gingiva
OTU_97.28945,Anterior_nares
OTU_97.28947,Saliva
OTU_97.28958,Supragingival_plaque
OTU_97.2896,Tongue_dorsum
OTU_97.28967,Throat
OTU_97.28967,Saliva
OTU_97.28969,Posterior_fornix
OTU_97.28969,Mid_vagina
OTU_97.28970,Tongue_dorsum
OTU_97.28972,Palatine_Tonsils
OTU_97.28972,Left_Retroauricular_crease
OTU_97.28977,Hard_palate
OTU_97.28980,Mid_vagina
OTU_97.28984,Hard_palate
OTU_97.28993,Throat
OTU_97.28993,Attached_Keratinized_gingiva
OTU_97.28995,Attached_Keratinized_gingiva
OTU_97.28995,Mid_vagina
OTU_97.28996,Saliva
OTU_97.29,Stool
OTU_97.29,Throat
OTU_97.29,Saliva
OTU_97.29002,Posterior_fornix
OTU_97.29002,Anterior_nares
OTU_97.29010,Mid_vagina
OTU_97.29010,Left_Retroauricular_crease
OTU_97.29019,Anterior_nares
OTU_97.29024,Throat
OTU_97.29035,Mid_vagina
OTU_97.29035,Buccal_mucosa
OTU_97.29035,Anterior_nares
OTU_97.29041,Tongue_dorsum
OTU_97.29041,Right_Retroauricular_crease
OTU_97.29042,Subgingival_plaque
OTU_97.29042,Palatine_Tonsils
OTU_97.29042,Tongue_dorsum
OTU_97.29048,Saliva
OTU_97.29048,Right_Retroauricular_crease
OTU_97.29051,Mid_vagina
OTU_97.29062,Attached_Keratinized_gingiva
OTU_97.29062,Mid_vagina
OTU_97.29079,Hard_palate
OTU_97.29081,Anterior_nares
OTU_97.29083,Left_Retroauricular_crease
OTU_97.29087,Subgingival_plaque
OTU_97.29093,Anterior_nares
OTU_97.29094,Subgingival_plaque
OTU_97.29094,Right_Retroauricular_crease
OTU_97.29097,Supragingival_plaque
OTU_97.29097,Left_Retroauricular_crease
OTU_97.29100,Stool
OTU_97.29100,Throat
OTU_97.29102,Saliva
OTU_97.2911,Anterior_nares
OTU_97.29124,Subgingival_plaque
OTU_97.29124,Posterior_fornix
OTU_97.29124,Buccal_mucosa
OTU_97.29124,Anterior_nares
OTU_97.29127,Supragingival_plaque
OTU_97.29137,Attached_Keratinized_gingiva
OTU_97.29137,Posterior_fornix
OTU_97.29138,Mid_vagina
OTU_97.29144,Posterior_fornix
OTU_97.29144,Palatine_Tonsils
OTU_97.29144,Tongue_dorsum
OTU_97.29156,Attached_Keratinized_gingiva
OTU_97.29156,Mid_vagina
OTU_97.29156,Anterior_nares
OTU_97.29157,Buccal_mucosa
OTU_97.29157,Right_Retroauricular_crease
OTU_97.29162,Attached_Keratinized_gingiva
OTU_97.29165,Buccal_mucosa
OTU_97.29181,Anterior_nares
OTU_97.29183,Palatine_Tonsils
OTU_97.29183,Anterior_nares
OTU_97.29185,Attached_Keratinized_gingiva
OTU_97.29197,Mid_vagina
OTU_97.29219,Mid_vagina
OTU_97.29219,Palatine_Tonsils
OTU_97.29219,Right_Retroauricular_crease
OTU_97.29232,Saliva
OTU_97.29249,Throat
OTU_97.29254,Throat
OTU_97.29273,Palatine_Tonsils
OTU_97.29274,Saliva
OTU_97.29274,Palatine_Tonsils
OTU_97.29279,Stool
OTU_97.29279,Attached_Keratinized_gingiva
OTU_97.29286,Saliva
OTU_97.29286,Mid_vagina
OTU_97.29287,Posterior_fornix
OTU_97.29287,Anterior_nares
OTU_97.29293,Palatine_Tonsils
OTU_97.29295,Supragingival_plaque
OTU_97.29295,Palatine_Tonsils
OTU_97.29295,Anterior_nares
OTU_97.29298,Left_Retroauricular_crease
OTU_97.2930,Hard_palate
OTU_97.2930,Right_Retroauricular_crease
OTU_97.29300,Mid_vagina
OTU_97.29300,Anterior_nares
OTU_97.29302,Supragingival_plaque
OTU_97.29307,Subgingival_plaque
OTU_97.29307,Mid_vagina
OTU_97.29320,Tongue_dorsum
OTU_97.29322,Attached_Keratinized_gingiva
OTU_97.29322,Saliva
OTU_97.29322,Anterior_nares
OTU_97.29324,Attached_Keratinized_gingiva
OTU_97.29324,Tongue_dorsum
OTU_97.29327,Subgingival_plaque
OTU_97.29327,Attached_Keratinized_gingiva
OTU_97.29345,Stool
OTU_97.29345,Saliva
OTU_97.29345,Posterior_fornix
OTU_97.29345,Buccal_mucosa
OTU_97.29345,Right_Retroauricular_crease
OTU_97.29354,Supragingival_plaque
OTU_97.29354,Hard_palate
OTU_97.29358,Throat
OTU_97.29358,Right_Retroauricular_crease
OTU_97.29370,Stool
OTU_97.29374,Buccal_mucosa
OTU_97.29377,Hard_palate
OTU_97.29379,Saliva
OTU_97.29379,Hard_palate
OTU_97.29384,Right_Retroauricular_crease
OTU_97.29386,Saliva
OTU_97.29386,Posterior_fornix
OTU_97.29386,Buccal_mucosa
OTU_97.29388,Palatine_Tonsils
OTU_97.29390,Left_Retroauricular_crease
OTU_97.29399,Anterior_nares
OTU_97.29407,Stool
OTU_97.29407,Throat
OTU_97.29407,Mid_vagina
OTU_97.29407,Right_Retroauricular_crease
OTU_97.29408,Attached_Keratinized_gingiva
OTU_97.29408,Tongue_dorsum
OTU_97.29408,Hard_palate
OTU_97.29409,Buccal_mucosa
OTU_97.29415,Stool
OTU_97.29418,Stool
OTU_97.29423,Tongue_dorsum
OTU_97.29423,Anterior_nares
OTU_97.29425,Supragingival_plaque
OTU_97.29425,Attached_Keratinized_gingiva
OTU_97.29425,Mid_vagina
OTU_97.29427,Saliva
OTU_97.29427,Buccal_mucosa
OTU_97.29427,Right_Retroauricular_crease
OTU_97.29433,Right_Retroauricular_crease
OTU_97.29438,Supragingival_plaque
OTU_97.29438,Buccal_mucosa
OTU_97.29438,Anterior_nares
OTU_97.29449,Throat
OTU_97.29458,Stool
OTU_97.29458,Anterior_nares
OTU_97.2946,Hard_palate
OTU_97.29461,Stool
OTU_97.29461,Throat
OTU_97.29463,Buccal_mucosa
OTU_97.29463,Anterior_nares
OTU_97.29465,Throat
OTU_97.29465,Attached_Keratinized_gingiva
OTU_97.29471,Stool
OTU_97.29471,Attached_Keratinized_gingiva
OTU_97.29471,Posterior_fornix
OTU_97.29473,Anterior_nares
OTU_97.29476,Left_Retroauricular_crease
OTU_97.29478,Stool
OTU_97.29480,Subgingival_plaque
OTU_97.29480,Supragingival_plaque
OTU_97.29483,Saliva
OTU_97.29486,Posterior_fornix
OTU_97.29487,Buccal_mucosa
OTU_97.2949,Saliva
OTU_97.2949,Right_Retroauricular_crease
OTU_97.29491,Tongue_dorsum
OTU_97.29491,Right_Retroauricular_crease
OTU_97.29497,Left_Retroauricular_crease
OTU_97.29509,Anterior_nares
OTU_97.29522,Attached_Keratinized_gingiva
OTU_97.29522,Anterior_nares
OTU_97.29524,Palatine_Tonsils
OTU_97.29543,Posterior_fornix
OTU_97.29543,Left_Retroauricular_crease
OTU_97.29544,Supragingival_plaque
OTU_97.29544,Mid_vagina
OTU_97.29545,Palatine_Tonsils
OTU_97.29545,Left_Retroauricular_crease
OTU_97.29558,Saliva
OTU_97.29559,Saliva
OTU_97.29559,Hard_palate
OTU_97.29560,Mid_vagina
OTU_97.29562,Posterior_fornix
OTU_97.29567,Left_Retroauricular_crease
OTU_97.29567,Anterior_nares
OTU_97.29568,Tongue_dorsum
OTU_97.29573,Anterior_nares
OTU_97.29575,Attached_Keratinized_gingiva
OTU_97.29575,Tongue_dorsum
OTU_97.29576,Stool
OTU_97.29576,Throat
OTU_97.29576,Hard_palate
OTU_97.29579,Hard_palate
OTU_97.29580,Right_Retroauricular_crease
OTU_97.29581,Supragingival_plaque
OTU_97.29581,Saliva
OTU_97.29583,Palatine_Tonsils
OTU_97.29583,Right_Retroauricular_crease
OTU_97.29586,Saliva
OTU_97.29586,Left_Retroauricular_crease
OTU_97.29590,Palatine_Tonsils
OTU_97.29590,Left_Retroauricular_crease
OTU_97.29591,Stool
OTU_97.29591,Subgingival_plaque
OTU_97.29591,Supragingival_plaque
OTU_97.29592,Supragingival_plaque
OTU_97.29592,Right_Retroauricular_crease
OTU_97.29604,Palatine_Tonsils
OTU_97.29608,Right_Retroauricular_crease
OTU_97.29620,Posterior_fornix
OTU_97.29620,Left_Retroauricular_crease
OTU_97.29637,Right_Retroauricular_crease
OTU_97.29639,Stool
OTU_97.29639,Posterior_fornix
OTU_97.2964,Saliva
OTU_97.29641,Hard_palate
OTU_97.29641,Left_Retroauricular_crease
OTU_97.29647,Tongue_dorsum
OTU_97.29647,Left_Retroauricular_crease
OTU_97.29649,Palatine_Tonsils
OTU_97.29665,Stool
OTU_97.29665,Attached_Keratinized_gingiva
OTU_97.29670,Attached_Keratinized_gingiva
OTU_97.29679,Subgingival_plaque
OTU_97.29686,Attached_Keratinized_gingiva
OTU_97.29686,Tongue_dorsum
OTU_97.29694,Palatine_Tonsils
OTU_97.29702,Saliva
OTU_97.29712,Supragingival_plaque
OTU_97.29712,Saliva
OTU_97.29712,Mid_vagina
OTU_97.29717,Buccal_mucosa
OTU_97.2972,Throat
OTU_97.29720,Throat
OTU_97.29722,Left_Retroauricular_crease
OTU_97.29726,Supragingival_plaque
OTU_97.29730,Throat
OTU_97.29731,Right_Retroauricular_crease
OTU_97.29736,Supragingival_plaque
OTU_97.29742,Mid_vagina
OTU_97.29742,Anterior_nares
OTU_97.29754,Supragingival_plaque
OTU_97.29770,Saliva
OTU_97.29785,Supragingival_plaque
OTU_97.29789,Throat
OTU_97.29789,Palatine_Tonsils
OTU_97.29789,Hard_palate
OTU_97.29790,Throat
OTU_97.29790,Hard_palate
OTU_97.29797,Mid_vagina
OTU_97.29799,Posterior_fornix
OTU_97.29799,Anterior_nares
OTU_97.298,Buccal_mucosa
OTU_97.298,Anterior_nares
OTU_97.29804,Attached_Keratinized_gingiva
OTU_97.29804,Right_Retroauricular_crease
OTU_97.29808,Subgingival_plaque
OTU_97.29808,Palatine_Tonsils
OTU_97.29814,Buccal_mucosa
OTU_97.29816,Subgingival_plaque
OTU_97.29817,Stool
OTU_97.2982,Posterior_fornix
OTU_97.29822,Attached_Keratinized_gingiva
OTU_97.29825,Stool
OTU_97.29825,Saliva
OTU_97.29835,Subgingival_plaque
OTU_97.29835,Saliva
OTU_97.29835,Palatine_Tonsils
OTU_97.29841,Posterior_fornix
OTU_97.29843,Stool
OTU_97.29854,Buccal_mucosa
OTU_97.29858,Attached_Keratinized_gingiva
OTU_97.29858,Mid_vagina
OTU_97.29858,Right_Retroauricular_crease
OTU_97.29864,Right_Retroauricular_crease
OTU_97.29870,Attached_Keratinized_gingiva
OTU_97.29873,Posterior_fornix
OTU_97.29873,Anterior_nares
OTU_97.29874,Mid_vagina
OTU_97.29874,Left_Retroauricular_crease
OTU_97.29875,Buccal_mucosa
OTU_97.2988,Tongue_dorsum
OTU_97.29882,Tongue_dorsum
OTU_97.29888,Throat
OTU_97.29891,Subgingival_plaque
OTU_97.29908,Stool
OTU_97.29915,Left_Retroauricular_crease
OTU_97.29928,Attached_Keratinized_gingiva
OTU_97.29928,Saliva
OTU_97.29929,Supragingival_plaque
OTU_97.29929,Anterior_nares
OTU_97.29938,Supragingival_plaque
OTU_97.29938,Saliva
OTU_97.29938,Palatine_Tonsils
OTU_97.29946,Throat
OTU_97.29953,Stool
OTU_97.29957,Anterior_nares
OTU_97.29964,Attached_Keratinized_gingiva
OTU_97.29965,Throat
OTU_97.29965,Attached_Keratinized_gingiva
OTU_97.29965,Tongue_dorsum
OTU_97.29965,Anterior_nares
OTU_97.29967,Stool
OTU_97.29976,Subgingival_plaque
OTU_97.29979,Subgingival_plaque
OTU_97.29982,Supragingival_plaque
OTU_97.29985,Right_Retroauricular_crease
OTU_97.29986,Subgingival_plaque
OTU_97.29986,Hard_palate
OTU_97.29993,Subgingival_plaque
OTU_97.30,Left_Retroauricular_crease
OTU_97.30000,Attached_Keratinized_gingiva
OTU_97.30000,Palatine_Tonsils
OTU_97.30009,Buccal_mucosa
OTU_97.3001,Saliva
OTU_97.3001,Tongue_dorsum
OTU_97.3001,Hard_palate
OTU_97.30012,Throat
OTU_97.30012,Hard_palate
OTU_97.30016,Stool
OTU_97.30016,Palatine_Tonsils
OTU_97.30016,Hard_palate
OTU_97.30017,Supragingival_plaque
OTU_97.30034,Subgingival_plaque
OTU_97.30034,Attached_Keratinized_gingiva
OTU_97.30034,Buccal_mucosa
OTU_97.30036,Stool
OTU_97.30036,Right_Retroauricular_crease
OTU_97.30043,Attached_Keratinized_gingiva
OTU_97.30043,Tongue_dorsum
OTU_97.30043,Anterior_nares
OTU_97.30044,Palatine_Tonsils
OTU_97.30045,Tongue_dorsum
OTU_97.30046,Supragingival_plaque
OTU_97.30055,Saliva
OTU_97.30058,Buccal_mucosa
OTU_97.30063,Saliva
OTU_97.30063,Mid_vagina
OTU_97.30064,Posterior_fornix
OTU_97.30064,Palatine_Tonsils
OTU_97.30070,Buccal_mucosa
OTU_97.30081,Right_Retroauricular_crease
OTU_97.30082,Attached_Keratinized_gingiva
OTU_97.30082,Mid_vagina
OTU_97.30082,Buccal_mucosa
OTU_97.30094,Buccal_mucosa
OTU_97.30094,Palatine_Tonsils
OTU_97.30099,Attached_Keratinized_gingiva
OTU_97.30099,Palatine_Tonsils
OTU_97.30099,Left_Retroauricular_crease
OTU_97.30099,Anterior_nares
OTU_97.3010,Stool
OTU_97.3010,Attached_Keratinized_gingiva
OTU_97.3010,Saliva
OTU_97.3010,Right_Retroauricular_crease
OTU_97.30107,Throat
OTU_97.30112,Attached_Keratinized_gingiva
OTU_97.30112,Hard_palate
OTU_97.30122,Attached_Keratinized_gingiva
OTU_97.30135,Attached_Keratinized_gingiva
OTU_97.30135,Posterior_fornix
OTU_97.30141,Stool
OTU_97.30141,Saliva
OTU_97.30156,Throat
OTU_97.30162,Supragingival_plaque
OTU_97.30162,Palatine_Tonsils
OTU_97.30162,Anterior_nares
OTU_97.3017,Saliva
OTU_97.30176,Saliva
OTU_97.30179,Tongue_dorsum
OTU_97.30180,Subgingival_plaque
OTU_97.30180,Supragingival_plaque
OTU_97.30180,Posterior_fornix
OTU_97.30180,Hard_palate
OTU_97.30184,Posterior_fornix
OTU_97.30195,Hard_palate
OTU_97.30199,Subgingival_plaque
OTU_97.30199,Saliva
OTU_97.302,Hard_palate
OTU_97.30207,Palatine_Tonsils
OTU_97.30215,Palatine_Tonsils
OTU_97.30215,Anterior_nares
OTU_97.30220,Stool
OTU_97.30220,Saliva
OTU_97.30222,Mid_vagina
OTU_97.30224,Saliva
OTU_97.30224,Tongue_dorsum
OTU_97.30231,Hard_palate
OTU_97.30236,Subgingival_plaque
OTU_97.30237,Supragingival_plaque
OTU_97.30237,Saliva
OTU_97.30238,Left_Retroauricular_crease
OTU_97.30250,Posterior_fornix
OTU_97.30251,Hard_palate
OTU_97.30254,Attached_Keratinized_gingiva
OTU_97.30255,Buccal_mucosa
OTU_97.30257,Subgingival_plaque
OTU_97.30257,Right_Retroauricular_crease
OTU_97.30264,Left_Retroauricular_crease
OTU_97.30267,Throat
OTU_97.30267,Palatine_Tonsils
OTU_97.30267,Tongue_dorsum
OTU_97.30269,Subgingival_plaque
OTU_97.30281,Subgingival_plaque
OTU_97.30281,Attached_Keratinized_gingiva
OTU_97.30281,Saliva
OTU_97.30281,Tongue_dorsum
OTU_97.3029,Subgingival_plaque
OTU_97.30290,Attached_Keratinized_gingiva
OTU_97.30290,Posterior_fornix
OTU_97.30290,Anterior_nares
OTU_97.30293,Supragingival_plaque
OTU_97.30293,Attached_Keratinized_gingiva
OTU_97.30294,Supragingival_plaque
OTU_97.30302,Stool
OTU_97.30302,Subgingival_plaque
OTU_97.30302,Mid_vagina
OTU_97.30302,Anterior_nares
OTU_97.30304,Throat
OTU_97.30305,Tongue_dorsum
OTU_97.30313,Left_Retroauricular_crease
OTU_97.30314,Throat
OTU_97.30314,Mid_vagina
OTU_97.30314,Tongue_dorsum
OTU_97.30317,Mid_vagina
OTU_97.3032,Hard_palate
OTU_97.3032,Right_Retroauricular_crease
OTU_97.30326,Attached_Keratinized_gingiva
OTU_97.30326,Palatine_Tonsils
OTU_97.30327,Throat
OTU_97.30337,Saliva
OTU_97.30337,Palatine_Tonsils
OTU_97.30337,Tongue_dorsum
OTU_97.30351,Saliva
OTU_97.30351,Right_Retroauricular_crease
OTU_97.30358,Anterior_nares
OTU_97.30360,Saliva
OTU_97.30360,Left_Retroauricular_crease
OTU_97.30361,Stool
OTU_97.30361,Attached_Keratinized_gingiva
OTU_97.30363,Mid_vagina
OTU_97.30363,Right_Retroauricular_crease
OTU_97.30367,Buccal_mucosa
OTU_97.30374,Throat
OTU_97.30374,Mid_vagina
OTU_97.30381,Throat
OTU_97.30391,Posterior_fornix
OTU_97.30394,Left_Retroauricular_crease
OTU_97.304,Right_Retroauricular_crease
OTU_97.30409,Attached_Keratinized_gingiva
OTU_97.30409,Saliva
OTU_97.30409,Mid_vagina
OTU_97.30409,Palatine_Tonsils
OTU_97.30419,Saliva
OTU_97.30419,Hard_palate
OTU_97.30428,Saliva
OTU_97.30431,Left_Retroauricular_crease
OTU_97.30437,Left_Retroauricular_crease
OTU_97.30447,Stool
OTU_97.30448,Tongue_dorsum
OTU_97.30450,Buccal_mucosa
OTU_97.30453,Posterior_fornix
OTU_97.3046,Posterior_fornix
OTU_97.30466,Stool
OTU_97.30466,Right_Retroauricular_crease
OTU_97.3047,Supragingival_plaque
OTU_97.3047,Saliva
OTU_97.30479,Supragingival_plaque
OTU_97.30479,Right_Retroauricular_crease
OTU_97.30482,Hard_palate
OTU_97.30491,Mid_vagina
OTU_97.30491,Left_Retroauricular_crease
OTU_97.305,Posterior_fornix
OTU_97.305,Mid_vagina
OTU_97.305,Palatine_Tonsils
OTU_97.30507,Supragingival_plaque
OTU_97.30507,Hard_palate
OTU_97.30510,Saliva
OTU_97.30510,Anterior_nares
OTU_97.30514,Attached_Keratinized_gingiva
OTU_97.30516,Mid_vagina
OTU_97.30519,Supragingival_plaque
OTU_97.30519,Saliva
OTU_97.30519,Right_Retroauricular_crease
OTU_97.30521,Supragingival_plaque
OTU_97.30521,Left_Retroauricular_crease
OTU_97.30525,Right_Retroauricular_crease
OTU_97.30528,Stool
OTU_97.3053,Tongue_dorsum
OTU_97.30533,Stool
OTU_97.30533,Posterior_fornix
OTU_97.30533,Mid_vagina
OTU_97.30534,Mid_vagina
OTU_97.30551,Buccal_mucosa
OTU_97.30551,Tongue_dorsum
OTU_97.30554,Posterior_fornix
OTU_97.30577,Saliva
OTU_97.30579,Posterior_fornix
OTU_97.3058,Mid_vagina
OTU_97.30584,Stool
OTU_97.30584,Saliva
OTU_97.30588,Buccal_mucosa
OTU_97.30588,Hard_palate
OTU_97.30593,Throat
OTU_97.30603,Supragingival_plaque
OTU_97.30603,Right_Retroauricular_crease
OTU_97.30604,Saliva
OTU_97.3061,Buccal_mucosa
OTU_97.30612,Stool
OTU_97.30612,Mid_vagina
OTU_97.30613,Stool
OTU_97.30613,Subgingival_plaque
OTU_97.30613,Palatine_Tonsils
OTU_97.30614,Tongue_dorsum
OTU_97.30614,Right_Retroauricular_crease
OTU_97.30617,Subgingival_plaque
OTU_97.30617,Posterior_fornix
OTU_97.30623,Throat
OTU_97.30623,Subgingival_plaque
OTU_97.30623,Mid_vagina
OTU_97.30623,Anterior_nares
OTU_97.30625,Tongue_dorsum
OTU_97.30632,Palatine_Tonsils
OTU_97.30632,Right_Retroauricular_crease
OTU_97.30632,Anterior_nares
OTU_97.30637,Left_Retroauricular_crease
OTU_97.30637,Anterior_nares
OTU_97.30638,Buccal_mucosa
OTU_97.30638,Hard_palate
OTU_97.3064,Buccal_mucosa
OTU_97.30656,Throat
OTU_97.30657,Stool
OTU_97.30657,Subgingival_plaque
OTU_97.30657,Palatine_Tonsils
OTU_97.30662,Supragingival_plaque
OTU_97.30662,Left_Retroauricular_crease
OTU_97.30663,Attached_Keratinized_gingiva
OTU_97.30663,Mid_vagina
OTU_97.30663,Right_Retroauricular_crease
OTU_97.30665,Mid_vagina
OTU_97.30665,Buccal_mucosa
OTU_97.30670,Tongue_dorsum
OTU_97.30670,Hard_palate
OTU_97.30671,Saliva
OTU_97.30676,Attached_Keratinized_gingiva
OTU_97.30676,Mid_vagina
OTU_97.30679,Palatine_Tonsils
OTU_97.30679,Anterior_nares
OTU_97.30682,Saliva
OTU_97.30683,Mid_vagina
OTU_97.30684,Subgingival_plaque
OTU_97.30687,Throat
OTU_97.30687,Hard_palate
OTU_97.30690,Buccal_mucosa
OTU_97.30696,Right_Retroauricular_crease
OTU_97.30697,Mid_vagina
OTU_97.30704,Supragingival_plaque
OTU_97.30704,Buccal_mucosa
OTU_97.30705,Subgingival_plaque
OTU_97.3071,Supragingival_plaque
OTU_97.3071,Buccal_mucosa
OTU_97.30718,Attached_Keratinized_gingiva
OTU_97.3073,Supragingival_plaque
OTU_97.3073,Attached_Keratinized_gingiva
OTU_97.30738,Left_Retroauricular_crease
OTU_97.30739,Right_Retroauricular_crease
OTU_97.30739,Anterior_nares
OTU_97.30749,Saliva
OTU_97.30749,Buccal_mucosa
OTU_97.30749,Anterior_nares
OTU_97.30750,Left_Retroauricular_crease
OTU_97.30753,Supragingival_plaque
OTU_97.30753,Mid_vagina
OTU_97.30789,Hard_palate
OTU_97.30789,Left_Retroauricular_crease
OTU_97.30790,Supragingival_plaque
OTU_97.30793,Mid_vagina
OTU_97.30793,Anterior_nares
OTU_97.30801,Saliva
OTU_97.30801,Posterior_fornix
OTU_97.30801,Right_Retroauricular_crease
OTU_97.30806,Mid_vagina
OTU_97.30810,Palatine_Tonsils
OTU_97.30819,Saliva
OTU_97.30819,Buccal_mucosa
OTU_97.30819,Right_Retroauricular_crease
OTU_97.30824,Left_Retroauricular_crease
OTU_97.30824,Anterior_nares
OTU_97.30837,Left_Retroauricular_crease
OTU_97.3084,Saliva
OTU_97.3084,Right_Retroauricular_crease
OTU_97.30842,Hard_palate
OTU_97.30850,Throat
OTU_97.30855,Throat
OTU_97.30856,Stool
OTU_97.30859,Throat
OTU_97.30863,Subgingival_plaque
OTU_97.30866,Throat
OTU_97.30866,Attached_Keratinized_gingiva
OTU_97.30870,Stool
OTU_97.30872,Throat
OTU_97.30872,Anterior_nares
OTU_97.30874,Attached_Keratinized_gingiva
OTU_97.3088,Saliva
OTU_97.30894,Attached_Keratinized_gingiva
OTU_97.30894,Left_Retroauricular_crease
OTU_97.30894,Anterior_nares
OTU_97.30899,Throat
OTU_97.30899,Right_Retroauricular_crease
OTU_97.30900,Supragingival_plaque
OTU_97.30902,Hard_palate
OTU_97.30904,Mid_vagina
OTU_97.30904,Tongue_dorsum
OTU_97.30904,Right_Retroauricular_crease
OTU_97.30909,Subgingival_plaque
OTU_97.30910,Right_Retroauricular_crease
OTU_97.30910,Anterior_nares
OTU_97.30919,Stool
OTU_97.30919,Mid_vagina
OTU_97.30919,Left_Retroauricular_crease
OTU_97.3093,Saliva
OTU_97.3093,Palatine_Tonsils
OTU_97.3093,Left_Retroauricular_crease
OTU_97.30932,Attached_Keratinized_gingiva
OTU_97.30936,Attached_Keratinized_gingiva
OTU_97.30936,Saliva
OTU_97.30961,Palatine_Tonsils
OTU_97.30965,Posterior_fornix
OTU_97.30965,Hard_palate
OTU_97.30969,Anterior_nares
OTU_97.30973,Stool
OTU_97.30978,Subgingival_plaque
OTU_97.30978,Posterior_fornix
OTU_97.30978,Hard_palate
OTU_97.30987,Posterior_fornix
OTU_97.30987,Right_Retroauricular_crease
OTU_97.31,Buccal_mucosa
OTU_97.310,Subgingival_plaque
OTU_97.310,Saliva
OTU_97.31000,Subgingival_plaque
OTU_97.31003,Subgingival_plaque
OTU_97.31003,Attached_Keratinized_gingiva
OTU_97.31003,Posterior_fornix
OTU_97.31006,Palatine_Tonsils
OTU_97.31007,Throat
OTU_97.3103,Posterior_fornix
OTU_97.3103,Buccal_mucosa
OTU_97.31034,Stool
OTU_97.31034,Right_Retroauricular_crease
OTU_97.31058,Saliva
OTU_97.31058,Right_Retroauricular_crease
OTU_97.31058,Anterior_nares
OTU_97.31061,Subgingival_plaque
OTU_97.31061,Palatine_Tonsils
OTU_97.31067,Supragingival_plaque
OTU_97.31071,Right_Retroauricular_crease
OTU_97.31092,Mid_vagina
OTU_97.31094,Anterior_nares
OTU_97.31102,Throat
OTU_97.31102,Mid_vagina
OTU_97.31102,Tongue_dorsum
OTU_97.31102,Hard_palate
OTU_97.31107,Saliva
OTU_97.31107,Hard_palate
OTU_97.31108,Supragingival_plaque
OTU_97.31108,Hard_palate
OTU_97.3111,Attached_Keratinized_gingiva
OTU_97.31113,Attached_Keratinized_gingiva
OTU_97.31113,Buccal_mucosa
OTU_97.31113,Left_Retroauricular_crease
OTU_97.31119,Hard_palate
OTU_97.3112,Saliva
OTU_97.31121,Stool
OTU_97.31121,Saliva
OTU_97.31121,Hard_palate
OTU_97.31121,Left_Retroauricular_crease
OTU_97.31125,Supragingival_plaque
OTU_97.31125,Palatine_Tonsils
OTU_97.31125,Anterior_nares
OTU_97.31127,Left_Retroauricular_crease
OTU_97.31128,Hard_palate
OTU_97.31134,Subgingival_plaque
OTU_97.31134,Mid_vagina
OTU_97.3114,Stool
OTU_97.3114,Mid_vagina
OTU_97.3114,Palatine_Tonsils
OTU_97.31141,Palatine_Tonsils
OTU_97.31141,Anterior_nares
OTU_97.31144,Tongue_dorsum
OTU_97.31156,Mid_vagina
OTU_97.31156,Tongue_dorsum
OTU_97.3116,Supragingival_plaque
OTU_97.31160,Mid_vagina
OTU_97.31160,Tongue_dorsum
OTU_97.31161,Throat
OTU_97.31161,Supragingival_plaque
OTU_97.31161,Anterior_nares
OTU_97.31172,Subgingival_plaque
OTU_97.31172,Saliva
OTU_97.31172,Right_Retroauricular_crease
OTU_97.31173,Right_Retroauricular_crease
OTU_97.31173,Anterior_nares
OTU_97.3118,Buccal_mucosa
OTU_97.3118,Right_Retroauricular_crease
OTU_97.31186,Hard_palate
OTU_97.3119,Subgingival_plaque
OTU_97.31197,Stool
OTU_97.31197,Saliva
OTU_97.312,Saliva
OTU_97.312,Palatine_Tonsils
OTU_97.312,Left_Retroauricular_crease
OTU_97.312,Anterior_nares
OTU_97.31200,Throat
OTU_97.31200,Anterior_nares
OTU_97.31201,Buccal_mucosa
OTU_97.31201,Anterior_nares
OTU_97.31207,Supragingival_plaque
OTU_97.31207,Mid_vagina
OTU_97.31209,Saliva
OTU_97.31213,Buccal_mucosa
OTU_97.31213,Left_Retroauricular_crease
OTU_97.31214,Supragingival_plaque
OTU_97.31218,Saliva
OTU_97.31218,Tongue_dorsum
OTU_97.31221,Supragingival_plaque
OTU_97.31221,Mid_vagina
OTU_97.31222,Attached_Keratinized_gingiva
OTU_97.31223,Subgingival_plaque
OTU_97.31223,Attached_Keratinized_gingiva
OTU_97.31223,Saliva
OTU_97.31249,Stool
OTU_97.31252,Left_Retroauricular_crease
OTU_97.31258,Tongue_dorsum
OTU_97.31259,Attached_Keratinized_gingiva
OTU_97.31264,Supragingival_plaque
OTU_97.31264,Right_Retroauricular_crease
OTU_97.31265,Anterior_nares
OTU_97.31269,Hard_palate
OTU_97.31269,Left_Retroauricular_crease
OTU_97.31276,Right_Retroauricular_crease
OTU_97.3128,Buccal_mucosa
OTU_97.31284,Subgingival_plaque
OTU_97.31284,Buccal_mucosa
OTU_97.31285,Palatine_Tonsils
OTU_97.31287,Stool
OTU_97.31297,Supragingival_plaque
OTU_97.31297,Palatine_Tonsils
OTU_97.3130,Subgingival_plaque
OTU_97.31300,Palatine_Tonsils
OTU_97.31300,Tongue_dorsum
OTU_97.31301,Throat
OTU_97.31309,Mid_vagina
OTU_97.31315,Stool
OTU_97.31315,Saliva
OTU_97.31315,Anterior_nares
OTU_97.31323,Supragingival_plaque
OTU_97.31339,Posterior_fornix
OTU_97.31339,Anterior_nares
OTU_97.31344,Posterior_fornix
OTU_97.31344,Buccal_mucosa
OTU_97.31344,Hard_palate
OTU_97.31346,Buccal_mucosa
OTU_97.31346,Tongue_dorsum
OTU_97.31348,Supragingival_plaque
OTU_97.31348,Buccal_mucosa
OTU_97.31348,Left_Retroauricular_crease
OTU_97.31355,Tongue_dorsum
OTU_97.31361,Supragingival_plaque
OTU_97.31361,Palatine_Tonsils
OTU_97.31361,Left_Retroauricular_crease
OTU_97.31366,Buccal_mucosa
OTU_97.31368,Posterior_fornix
OTU_97.31368,Mid_vagina
OTU_97.3137,Right_Retroauricular_crease
OTU_97.31370,Stool
OTU_97.31375,Buccal_mucosa
OTU_97.31375,Hard_palate
OTU_97.31391,Stool
OTU_97.31391,Anterior_nares
OTU_97.314,Tongue_dorsum
OTU_97.31400,Tongue_dorsum
OTU_97.31406,Mid_vagina
OTU_97.31406,Anterior_nares
OTU_97.31407,Left_Retroauricular_crease
OTU_97.31413,Left_Retroauricular_crease
OTU_97.31418,Tongue_dorsum
OTU_97.31420,Buccal_mucosa
OTU_97.31424,Hard_palate
OTU_97.31430,Saliva
OTU_97.31435,Subgingival_plaque
OTU_97.31441,Throat
OTU_97.31456,Palatine_Tonsils
OTU_97.31460,Palatine_Tonsils
OTU_97.31464,Supragingival_plaque
OTU_97.31464,Posterior_fornix
OTU_97.31471,Tongue_dorsum
OTU_97.31471,Left_Retroauricular_crease
OTU_97.3148,Throat
OTU_97.31482,Right_Retroauricular_crease
OTU_97.31483,Saliva
OTU_97.31483,Mid_vagina
OTU_97.31488,Attached_Keratinized_gingiva
OTU_97.31494,Left_Retroauricular_crease
OTU_97.31498,Tongue_dorsum
OTU_97.31503,Anterior_nares
OTU_97.31509,Subgingival_plaque
OTU_97.3151,Posterior_fornix
OTU_97.31527,Tongue_dorsum
OTU_97.31531,Subgingival_plaque
OTU_97.31534,Hard_palate
OTU_97.31539,Mid_vagina
OTU_97.31562,Subgingival_plaque
OTU_97.31563,Subgingival_plaque
OTU_97.31563,Hard_palate
OTU_97.31568,Posterior_fornix
OTU_97.3157,Hard_palate
OTU_97.31577,Throat
OTU_97.31577,Posterior_fornix
OTU_97.31584,Palatine_Tonsils
OTU_97.31586,Right_Retroauricular_crease
OTU_97.31602,Palatine_Tonsils
OTU_97.31609,Buccal_mucosa
OTU_97.31611,Subgingival_plaque
OTU_97.31612,Left_Retroauricular_crease
OTU_97.31612,Anterior_nares
OTU_97.31613,Hard_palate
OTU_97.31622,Attached_Keratinized_gingiva
OTU_97.31626,Attached_Keratinized_gingiva
OTU_97.31626,Posterior_fornix
OTU_97.31626,Palatine_Tonsils
OTU_97.31638,Buccal_mucosa
OTU_97.31639,Throat
OTU_97.31639,Hard_palate
OTU_97.31641,Posterior_fornix
OTU_97.31646,Stool
OTU_97.31646,Throat
OTU_97.31652,Hard_palate
OTU_97.31653,Buccal_mucosa
OTU_97.31655,Hard_palate
OTU_97.31657,Right_Retroauricular_crease
OTU_97.31658,Stool
OTU_97.31658,Right_Retroauricular_crease
OTU_97.31684,Tongue_dorsum
OTU_97.31688,Buccal_mucosa
OTU_97.31688,Tongue_dorsum
OTU_97.31691,Hard_palate
OTU_97.31691,Anterior_nares
OTU_97.31692,Mid_vagina
OTU_97.31703,Saliva
OTU_97.31703,Anterior_nares
OTU_97.31709,Throat
OTU_97.31709,Posterior_fornix
OTU_97.31709,Buccal_mucosa
OTU_97.31710,Subgingival_plaque
OTU_97.31714,Posterior_fornix
OTU_97.31714,Buccal_mucosa
OTU_97.31717,Throat
OTU_97.31717,Supragingival_plaque
OTU_97.31725,Subgingival_plaque
OTU_97.31725,Buccal_mucosa
OTU_97.31742,Buccal_mucosa
OTU_97.31742,Left_Retroauricular_crease
OTU_97.31743,Throat
OTU_97.31743,Tongue_dorsum
OTU_97.31743,Hard_palate
OTU_97.31746,Attached_Keratinized_gingiva
OTU_97.31757,Left_Retroauricular_crease
OTU_97.3176,Anterior_nares
OTU_97.31763,Stool
OTU_97.31763,Saliva
OTU_97.31763,Tongue_dorsum
OTU_97.31763,Right_Retroauricular_crease
OTU_97.31767,Tongue_dorsum
OTU_97.31768,Posterior_fornix
OTU_97.31769,Supragingival_plaque
OTU_97.31769,Attached_Keratinized_gingiva
OTU_97.31769,Palatine_Tonsils
OTU_97.31773,Tongue_dorsum
OTU_97.3178,Right_Retroauricular_crease
OTU_97.31782,Subgingival_plaque
OTU_97.31782,Supragingival_plaque
OTU_97.31782,Tongue_dorsum
OTU_97.31787,Posterior_fornix
OTU_97.31788,Subgingival_plaque
OTU_97.31789,Buccal_mucosa
OTU_97.31799,Stool
OTU_97.31801,Throat
OTU_97.31801,Attached_Keratinized_gingiva
OTU_97.31802,Mid_vagina
OTU_97.31810,Tongue_dorsum
OTU_97.31810,Hard_palate
OTU_97.3183,Attached_Keratinized_gingiva
OTU_97.3183,Hard_palate
OTU_97.31837,Throat
OTU_97.31856,Subgingival_plaque
OTU_97.31856,Tongue_dorsum
OTU_97.31863,Buccal_mucosa
OTU_97.31863,Anterior_nares
OTU_97.31867,Palatine_Tonsils
OTU_97.31867,Right_Retroauricular_crease
OTU_97.31870,Throat
OTU_97.31870,Right_Retroauricular_crease
OTU_97.31872,Stool
OTU_97.31879,Subgingival_plaque
OTU_97.31879,Mid_vagina
OTU_97.31879,Right_Retroauricular_crease
OTU_97.31884,Attached_Keratinized_gingiva
OTU_97.31884,Left_Retroauricular_crease
OTU_97.31885,Saliva
OTU_97.31892,Attached_Keratinized_gingiva
OTU_97.31895,Tongue_dorsum
OTU_97.31901,Buccal_mucosa
OTU_97.31901,Palatine_Tonsils
OTU_97.31913,Supragingival_plaque
OTU_97.31913,Saliva
OTU_97.31913,Mid_vagina
OTU_97.31918,Attached_Keratinized_gingiva
OTU_97.31918,Mid_vagina
OTU_97.31918,Tongue_dorsum
OTU_97.31921,Tongue_dorsum
OTU_97.31926,Mid_vagina
OTU_97.31926,Tongue_dorsum
OTU_97.3193,Posterior_fornix
OTU_97.3193,Anterior_nares
OTU_97.31930,Anterior_nares
OTU_97.31931,Throat
OTU_97.31933,Buccal_mucosa
OTU_97.31943,Buccal_mucosa
OTU_97.31949,Tongue_dorsum
OTU_97.31949,Hard_palate
OTU_97.31958,Attached_Keratinized_gingiva
OTU_97.31958,Mid_vagina
OTU_97.31958,Hard_palate
OTU_97.3196,Saliva
OTU_97.31971,Tongue_dorsum
OTU_97.31973,Tongue_dorsum
OTU_97.31974,Mid_vagina
OTU_97.31987,Anterior_nares
OTU_97.31990,Anterior_nares
OTU_97.31992,Tongue_dorsum
OTU_97.31992,Right_Retroauricular_crease
OTU_97.31996,Attached_Keratinized_gingiva
OTU_97.31996,Hard_palate
OTU_97.31996,Anterior_nares
OTU_97.32,Throat
OTU_97.32,Attached_Keratinized_gingiva
OTU_97.32,Right_Retroauricular_crease
OTU_97.320,Right_Retroauricular_crease
OTU_97.32000,Stool
OTU_97.32000,Saliva
OTU_97.32000,Right_Retroauricular_crease
OTU_97.32002,Supragingival_plaque
OTU_97.32007,Stool
OTU_97.32007,Attached_Keratinized_gingiva
OTU_97.32014,Hard_palate
OTU_97.32020,Mid_vagina
OTU_97.32026,Attached_Keratinized_gingiva
OTU_97.32033,Posterior_fornix
OTU_97.32034,Supragingival_plaque
OTU_97.32041,Subgingival_plaque
OTU_97.32041,Left_Retroauricular_crease
OTU_97.32044,Throat
OTU_97.32052,Right_Retroauricular_crease
OTU_97.32058,Attached_Keratinized_gingiva
OTU_97.32059,Tongue_dorsum
OTU_97.32059,Anterior_nares
OTU_97.32064,Subgingival_plaque
OTU_97.32064,Mid_vagina
OTU_97.32067,Tongue_dorsum
OTU_97.32067,Hard_palate
OTU_97.32070,Stool
OTU_97.32070,Attached_Keratinized_gingiva
OTU_97.32070,Tongue_dorsum
OTU_97.32075,Tongue_dorsum
OTU_97.32076,Stool
OTU_97.32076,Posterior_fornix
OTU_97.32076,Palatine_Tonsils
OTU_97.3208,Tongue_dorsum
OTU_97.32080,Right_Retroauricular_crease
OTU_97.32080,Anterior_nares
OTU_97.32082,Attached_Keratinized_gingiva
OTU_97.32082,Buccal_mucosa
OTU_97.32082,Anterior_nares
OTU_97.32083,Subgingival_plaque
OTU_97.32083,Anterior_nares
OTU_97.32099,Stool
OTU_97.32099,Mid_vagina
OTU_97.32104,Supragingival_plaque
OTU_97.32106,Posterior_fornix
OTU_97.3211,Posterior_fornix
OTU_97.32111,Hard_palate
OTU_97.32127,Throat
OTU_97.32127,Attached_Keratinized_gingiva
OTU_97.32127,Posterior_fornix
OTU_97.32127,Mid_vagina
OTU_97.32128,Palatine_Tonsils
OTU_97.32137,Stool
OTU_97.3214,Buccal_mucosa
OTU_97.32140,Subgingival_plaque
OTU_97.32140,Supragingival_plaque
OTU_97.32140,Hard_palate
OTU_97.32147,Subgingival_plaque
OTU_97.32147,Buccal_mucosa
OTU_97.32153,Saliva
OTU_97.32157,Posterior_fornix
OTU_97.3217,Attached_Keratinized_gingiva
OTU_97.32175,Buccal_mucosa
OTU_97.32175,Palatine_Tonsils
OTU_97.32175,Anterior_nares
OTU_97.32176,Mid_vagina
OTU_97.3219,Buccal_mucosa
OTU_97.32190,Stool
OTU_97.32190,Throat
OTU_97.32190,Subgingival_plaque
OTU_97.322,Anterior_nares
OTU_97.3220,Stool
OTU_97.3220,Subgingival_plaque
OTU_97.32212,Anterior_nares
OTU_97.32219,Posterior_fornix
OTU_97.32219,Tongue_dorsum
OTU_97.32220,Subgingival_plaque
OTU_97.32220,Right_Retroauricular_crease
OTU_97.32221,Saliva
OTU_97.32221,Right_Retroauricular_crease
OTU_97.32228,Supragingival_plaque
OTU_97.32228,Left_Retroauricular_crease
OTU_97.3223,Stool
OTU_97.3223,Posterior_fornix
OTU_97.32235,Subgingival_plaque
OTU_97.32237,Palatine_Tonsils
OTU_97.32238,Supragingival_plaque
OTU_97.32238,Hard_palate
OTU_97.32238,Right_Retroauricular_crease
OTU_97.32248,Supragingival_plaque
OTU_97.32248,Posterior_fornix
OTU_97.3225,Tongue_dorsum
OTU_97.32250,Throat
OTU_97.32255,Supragingival_plaque
OTU_97.32255,Palatine_Tonsils
OTU_97.32259,Subgingival_plaque
OTU_97.32259,Hard_palate
OTU_97.32259,Right_Retroauricular_crease
OTU_97.32259,Anterior_nares
OTU_97.32264,Supragingival_plaque
OTU_97.32264,Left_Retroauricular_crease
OTU_97.3227,Stool
OTU_97.32272,Throat
OTU_97.32290,Stool
OTU_97.32290,Hard_palate
OTU_97.32295,Saliva
OTU_97.32296,Palatine_Tonsils
OTU_97.32298,Supragingival_plaque
OTU_97.32299,Anterior_nares
OTU_97.32303,Supragingival_plaque
OTU_97.32303,Tongue_dorsum
OTU_97.32306,Mid_vagina
OTU_97.32306,Palatine_Tonsils
OTU_97.32309,Saliva
OTU_97.32317,Subgingival_plaque
OTU_97.32317,Attached_Keratinized_gingiva
OTU_97.32318,Subgingival_plaque
OTU_97.3232,Supragingival_plaque
OTU_97.3232,Right_Retroauricular_crease
OTU_97.32321,Supragingival_plaque
OTU_97.32321,Saliva
OTU_97.32321,Hard_palate
OTU_97.32321,Left_Retroauricular_crease
OTU_97.32324,Mid_vagina
OTU_97.32328,Stool
OTU_97.32328,Attached_Keratinized_gingiva
OTU_97.3233,Supragingival_plaque
OTU_97.32331,Hard_palate
OTU_97.32335,Posterior_fornix
OTU_97.32335,Hard_palate
OTU_97.32339,Stool
OTU_97.32339,Left_Retroauricular_crease
OTU_97.32339,Anterior_nares
OTU_97.32341,Mid_vagina
OTU_97.32341,Hard_palate
OTU_97.32342,Throat
OTU_97.32345,Subgingival_plaque
OTU_97.32345,Mid_vagina
OTU_97.32347,Posterior_fornix
OTU_97.32353,Mid_vagina
OTU_97.32357,Attached_Keratinized_gingiva
OTU_97.32362,Hard_palate
OTU_97.32370,Left_Retroauricular_crease
OTU_97.32371,Mid_vagina
OTU_97.32379,Throat
OTU_97.32383,Supragingival_plaque
OTU_97.32392,Posterior_fornix
OTU_97.32392,Buccal_mucosa
OTU_97.32396,Subgingival_plaque
OTU_97.32396,Saliva
OTU_97.32396,Mid_vagina
OTU_97.32397,Posterior_fornix
OTU_97.32400,Tongue_dorsum
OTU_97.32400,Anterior_nares
OTU_97.32402,Attached_Keratinized_gingiva
OTU_97.32402,Palatine_Tonsils
OTU_97.32409,Stool
OTU_97.32409,Attached_Keratinized_gingiva
OTU_97.32409,Palatine_Tonsils
OTU_97.32412,Right_Retroauricular_crease
OTU_97.32413,Stool
OTU_97.32413,Throat
OTU_97.32415,Stool
OTU_97.32415,Subgingival_plaque
OTU_97.32415,Mid_vagina
OTU_97.32417,Left_Retroauricular_crease
OTU_97.32417,Right_Retroauricular_crease
OTU_97.32419,Left_Retroauricular_crease
OTU_97.32424,Subgingival_plaque
OTU_97.32429,Posterior_fornix
OTU_97.32434,Throat
OTU_97.32434,Palatine_Tonsils
OTU_97.32463,Subgingival_plaque
OTU_97.32466,Tongue_dorsum
OTU_97.32468,Stool
OTU_97.32468,Palatine_Tonsils
OTU_97.32473,Saliva
OTU_97.32473,Mid_vagina
OTU_97.32476,Supragingival_plaque
OTU_97.32476,Right_Retroauricular_crease
OTU_97.32477,Palatine_Tonsils
OTU_97.32480,Subgingival_plaque
OTU_97.32480,Buccal_mucosa
OTU_97.32482,Buccal_mucosa
OTU_97.32482,Left_Retroauricular_crease
OTU_97.32482,Anterior_nares
OTU_97.32492,Supragingival_plaque
OTU_97.32492,Saliva
OTU_97.32492,Right_Retroauricular_crease
OTU_97.32501,Hard_palate
OTU_97.32508,Throat
OTU_97.32513,Supragingival_plaque
OTU_97.32516,Supragingival_plaque
OTU_97.32516,Anterior_nares
OTU_97.32517,Subgingival_plaque
OTU_97.32525,Attached_Keratinized_gingiva
OTU_97.32525,Tongue_dorsum
OTU_97.32533,Saliva
OTU_97.32533,Mid_vagina
OTU_97.32535,Mid_vagina
OTU_97.32536,Posterior_fornix
OTU_97.32537,Saliva
OTU_97.32544,Buccal_mucosa
OTU_97.32544,Right_Retroauricular_crease
OTU_97.32545,Stool
OTU_97.32545,Mid_vagina
OTU_97.32555,Subgingival_plaque
OTU_97.32555,Posterior_fornix
OTU_97.32562,Palatine_Tonsils
OTU_97.32562,Left_Retroauricular_crease
OTU_97.32565,Mid_vagina
OTU_97.32565,Palatine_Tonsils
OTU_97.32565,Hard_palate
OTU_97.32570,Supragingival_plaque
OTU_97.32570,Left_Retroauricular_crease
OTU_97.32570,Anterior_nares
OTU_97.32583,Right_Retroauricular_crease
OTU_97.3259,Tongue_dorsum
OTU_97.32592,Attached_Keratinized_gingiva
OTU_97.32599,Stool
OTU_97.32599,Saliva
OTU_97.32599,Buccal_mucosa
OTU_97.32609,Supragingival_plaque
OTU_97.32617,Buccal_mucosa
OTU_97.32619,Stool
OTU_97.32619,Subgingival_plaque
OTU_97.32619,Left_Retroauricular_crease
OTU_97.32622,Subgingival_plaque
OTU_97.32622,Hard_palate
OTU_97.32622,Left_Retroauricular_crease
OTU_97.32622,Anterior_nares
OTU_97.32624,Subgingival_plaque
OTU_97.32630,Subgingival_plaque
OTU_97.32630,Mid_vagina
OTU_97.32638,Palatine_Tonsils
OTU_97.32638,Tongue_dorsum
OTU_97.32638,Left_Retroauricular_crease
OTU_97.32638,Anterior_nares
OTU_97.32639,Stool
OTU_97.32639,Saliva
OTU_97.32642,Stool
OTU_97.32655,Stool
OTU_97.32655,Mid_vagina
OTU_97.32656,Throat
OTU_97.32665,Throat
OTU_97.32665,Palatine_Tonsils
OTU_97.32665,Left_Retroauricular_crease
OTU_97.32666,Hard_palate
OTU_97.32668,Palatine_Tonsils
OTU_97.32678,Buccal_mucosa
OTU_97.32679,Subgingival_plaque
OTU_97.32679,Mid_vagina
OTU_97.32679,Hard_palate
OTU_97.32683,Throat
OTU_97.32685,Left_Retroauricular_crease
OTU_97.327,Palatine_Tonsils
OTU_97.32701,Tongue_dorsum
OTU_97.32706,Subgingival_plaque
OTU_97.32706,Posterior_fornix
OTU_97.32710,Buccal_mucosa
OTU_97.32714,Palatine_Tonsils
OTU_97.32715,Buccal_mucosa
OTU_97.32720,Supragingival_plaque
OTU_97.32727,Subgingival_plaque
OTU_97.3273,Stool
OTU_97.32731,Subgingival_plaque
OTU_97.32732,Throat
OTU_97.32734,Stool
OTU_97.32745,Right_Retroauricular_crease
OTU_97.32745,Anterior_nares
OTU_97.32753,Throat
OTU_97.32760,Hard_palate
OTU_97.32764,Left_Retroauricular_crease
OTU_97.32764,Right_Retroauricular_crease
OTU_97.32765,Palatine_Tonsils
OTU_97.32767,Subgingival_plaque
OTU_97.32767,Saliva
OTU_97.32769,Mid_vagina
OTU_97.32769,Buccal_mucosa
OTU_97.32772,Buccal_mucosa
OTU_97.32772,Palatine_Tonsils
OTU_97.32781,Tongue_dorsum
OTU_97.32787,Tongue_dorsum
OTU_97.32788,Palatine_Tonsils
OTU_97.32792,Attached_Keratinized_gingiva
OTU_97.32793,Subgingival_plaque
OTU_97.32795,Subgingival_plaque
OTU_97.328,Mid_vagina
OTU_97.32803,Anterior_nares
OTU_97.32804,Mid_vagina
OTU_97.32804,Right_Retroauricular_crease
OTU_97.32810,Saliva
OTU_97.32810,Mid_vagina
OTU_97.32813,Stool
OTU_97.32822,Saliva
OTU_97.32830,Posterior_fornix
OTU_97.32849,Supragingival_plaque
OTU_97.32849,Right_Retroauricular_crease
OTU_97.32857,Supragingival_plaque
OTU_97.3287,Tongue_dorsum
OTU_97.32873,Throat
OTU_97.32873,Left_Retroauricular_crease
OTU_97.32873,Anterior_nares
OTU_97.32879,Posterior_fornix
OTU_97.32879,Anterior_nares
OTU_97.32888,Tongue_dorsum
OTU_97.32893,Stool
OTU_97.32893,Palatine_Tonsils
OTU_97.32897,Stool
OTU_97.32897,Throat
OTU_97.32909,Attached_Keratinized_gingiva
OTU_97.3291,Subgingival_plaque
OTU_97.32912,Left_Retroauricular_crease
OTU_97.32917,Anterior_nares
OTU_97.32925,Tongue_dorsum
OTU_97.32926,Subgingival_plaque
OTU_97.32926,Mid_vagina
OTU_97.32929,Stool
OTU_97.32930,Subgingival_plaque
OTU_97.32934,Posterior_fornix
OTU_97.32934,Tongue_dorsum
OTU_97.32949,Saliva
OTU_97.32952,Throat
OTU_97.32955,Right_Retroauricular_crease
OTU_97.32956,Stool
OTU_97.32956,Tongue_dorsum
OTU_97.32970,Attached_Keratinized_gingiva
OTU_97.32976,Saliva
OTU_97.32976,Hard_palate
OTU_97.32978,Stool
OTU_97.32978,Supragingival_plaque
OTU_97.32978,Attached_Keratinized_gingiva
OTU_97.32978,Right_Retroauricular_crease
OTU_97.32978,Anterior_nares
OTU_97.32979,Right_Retroauricular_crease
OTU_97.32988,Anterior_nares
OTU_97.32998,Hard_palate
OTU_97.33001,Subgingival_plaque
OTU_97.33003,Stool
OTU_97.33003,Buccal_mucosa
OTU_97.3301,Stool
OTU_97.3301,Mid_vagina
OTU_97.3301,Hard_palate
OTU_97.3301,Anterior_nares
OTU_97.33010,Throat
OTU_97.33010,Saliva
OTU_97.33013,Throat
OTU_97.33021,Attached_Keratinized_gingiva
OTU_97.33021,Anterior_nares
OTU_97.3304,Tongue_dorsum
OTU_97.33041,Throat
OTU_97.33041,Left_Retroauricular_crease
OTU_97.33044,Posterior_fornix
OTU_97.33044,Buccal_mucosa
OTU_97.33050,Anterior_nares
OTU_97.33051,Hard_palate
OTU_97.33053,Stool
OTU_97.33053,Subgingival_plaque
OTU_97.33054,Subgingival_plaque
OTU_97.33054,Buccal_mucosa
OTU_97.33054,Tongue_dorsum
OTU_97.33054,Right_Retroauricular_crease
OTU_97.33061,Subgingival_plaque
OTU_97.33061,Left_Retroauricular_crease
OTU_97.33069,Subgingival_plaque
OTU_97.33075,Posterior_fornix
OTU_97.33077,Mid_vagina
OTU_97.33080,Throat
OTU_97.33083,Saliva
OTU_97.33083,Buccal_mucosa
OTU_97.33096,Mid_vagina
OTU_97.33096,Tongue_dorsum
OTU_97.33099,Saliva
OTU_97.3310,Stool
OTU_97.33109,Stool
OTU_97.33123,Anterior_nares
OTU_97.33135,Anterior_nares
OTU_97.33139,Left_Retroauricular_crease
OTU_97.33145,Palatine_Tonsils
OTU_97.33153,Right_Retroauricular_crease
OTU_97.33154,Left_Retroauricular_crease
OTU_97.33156,Posterior_fornix
OTU_97.33156,Mid_vagina
OTU_97.33156,Anterior_nares
OTU_97.3317,Throat
OTU_97.3317,Subgingival_plaque
OTU_97.3317,Mid_vagina
OTU_97.3317,Hard_palate
OTU_97.33170,Subgingival_plaque
OTU_97.33170,Mid_vagina
OTU_97.33177,Supragingival_plaque
OTU_97.33177,Mid_vagina
OTU_97.33177,Anterior_nares
OTU_97.33178,Saliva
OTU_97.33178,Hard_palate
OTU_97.3318,Subgingival_plaque
OTU_97.33181,Subgingival_plaque
OTU_97.33182,Throat
OTU_97.33186,Palatine_Tonsils
OTU_97.3319,Attached_Keratinized_gingiva
OTU_97.33195,Stool
OTU_97.33195,Buccal_mucosa
OTU_97.33201,Stool
OTU_97.33201,Anterior_nares
OTU_97.33204,Throat
OTU_97.33207,Stool
OTU_97.33207,Saliva
OTU_97.33208,Saliva
OTU_97.33209,Stool
OTU_97.33213,Attached_Keratinized_gingiva
OTU_97.33213,Hard_palate
OTU_97.33215,Left_Retroauricular_crease
OTU_97.33217,Buccal_mucosa
OTU_97.33221,Supragingival_plaque
OTU_97.33221,Tongue_dorsum
OTU_97.33221,Right_Retroauricular_crease
OTU_97.33227,Buccal_mucosa
OTU_97.33238,Subgingival_plaque
OTU_97.33238,Palatine_Tonsils
OTU_97.3324,Saliva
OTU_97.33240,Attached_Keratinized_gingiva
OTU_97.33240,Tongue_dorsum
OTU_97.33240,Left_Retroauricular_crease
OTU_97.33241,Subgingival_plaque
OTU_97.33242,Subgingival_plaque
OTU_97.33242,Hard_palate
OTU_97.33245,Buccal_mucosa
OTU_97.33247,Attached_Keratinized_gingiva
OTU_97.33247,Mid_vagina
OTU_97.3325,Stool
OTU_97.3325,Buccal_mucosa
OTU_97.33250,Hard_palate
OTU_97.33251,Subgingival_plaque
OTU_97.33258,Palatine_Tonsils
OTU_97.3326,Buccal_mucosa
OTU_97.33261,Saliva
OTU_97.33261,Mid_vagina
OTU_97.33261,Hard_palate
OTU_97.33263,Stool
OTU_97.33263,Posterior_fornix
OTU_97.33268,Palatine_Tonsils
OTU_97.33274,Saliva
OTU_97.33278,Posterior_fornix
OTU_97.33279,Stool
OTU_97.33279,Throat
OTU_97.33288,Left_Retroauricular_crease
OTU_97.33291,Mid_vagina
OTU_97.33292,Subgingival_plaque
OTU_97.33292,Left_Retroauricular_crease
OTU_97.33292,Right_Retroauricular_crease
OTU_97.33298,Posterior_fornix
OTU_97.33298,Anterior_nares
OTU_97.33301,Stool
OTU_97.33301,Supragingival_plaque
OTU_97.33301,Tongue_dorsum
OTU_97.33303,Supragingival_plaque
OTU_97.33303,Left_Retroauricular_crease
OTU_97.33307,Subgingival_plaque
OTU_97.33308,Attached_Keratinized_gingiva
OTU_97.3331,Left_Retroauricular_crease
OTU_97.33310,Palatine_Tonsils
OTU_97.33310,Tongue_dorsum
OTU_97.33310,Left_Retroauricular_crease
OTU_97.33314,Left_Retroauricular_crease
OTU_97.33315,Stool
OTU_97.33315,Left_Retroauricular_crease
OTU_97.33325,Stool
OTU_97.33326,Subgingival_plaque
OTU_97.33326,Tongue_dorsum
OTU_97.33331,Throat
OTU_97.33339,Posterior_fornix
OTU_97.33344,Stool
OTU_97.33344,Throat
OTU_97.33344,Palatine_Tonsils
OTU_97.33346,Saliva
OTU_97.33346,Posterior_fornix
OTU_97.33346,Mid_vagina
OTU_97.33346,Anterior_nares
OTU_97.33349,Buccal_mucosa
OTU_97.33354,Mid_vagina
OTU_97.33354,Buccal_mucosa
OTU_97.33358,Buccal_mucosa
OTU_97.33358,Anterior_nares
OTU_97.33367,Stool
OTU_97.3338,Saliva
OTU_97.3338,Anterior_nares
OTU_97.33384,Supragingival_plaque
OTU_97.33384,Palatine_Tonsils
OTU_97.33388,Throat
OTU_97.33388,Anterior_nares
OTU_97.33396,Supragingival_plaque
OTU_97.33399,Throat
OTU_97.33399,Supragingival_plaque
OTU_97.33402,Right_Retroauricular_crease
OTU_97.33402,Anterior_nares
OTU_97.33406,Right_Retroauricular_crease
OTU_97.33407,Left_Retroauricular_crease
OTU_97.33409,Stool
OTU_97.33409,Hard_palate
OTU_97.33418,Saliva
OTU_97.33419,Throat
OTU_97.33419,Subgingival_plaque
OTU_97.33421,Buccal_mucosa
OTU_97.33431,Saliva
OTU_97.33431,Left_Retroauricular_crease
OTU_97.33436,Mid_vagina
OTU_97.33436,Buccal_mucosa
OTU_97.33437,Posterior_fornix
OTU_97.33437,Palatine_Tonsils
OTU_97.33437,Anterior_nares
OTU_97.3344,Stool
OTU_97.3344,Throat
OTU_97.3344,Palatine_Tonsils
OTU_97.3344,Hard_palate
OTU_97.33440,Buccal_mucosa
OTU_97.33442,Supragingival_plaque
OTU_97.33444,Anterior_nares
OTU_97.33448,Throat
OTU_97.33457,Posterior_fornix
OTU_97.33470,Mid_vagina
OTU_97.33473,Mid_vagina
OTU_97.33473,Hard_palate
OTU_97.33476,Hard_palate
OTU_97.33479,Mid_vagina
OTU_97.33479,Palatine_Tonsils
OTU_97.33486,Throat
OTU_97.33486,Posterior_fornix
OTU_97.33490,Supragingival_plaque
OTU_97.33491,Supragingival_plaque
OTU_97.33495,Subgingival_plaque
OTU_97.335,Subgingival_plaque
OTU_97.335,Posterior_fornix
OTU_97.33500,Subgingival_plaque
OTU_97.33500,Mid_vagina
OTU_97.33506,Attached_Keratinized_gingiva
OTU_97.33506,Saliva
OTU_97.33506,Posterior_fornix
OTU_97.33508,Attached_Keratinized_gingiva
OTU_97.33508,Tongue_dorsum
OTU_97.33518,Stool
OTU_97.33518,Attached_Keratinized_gingiva
OTU_97.33518,Tongue_dorsum
OTU_97.33536,Mid_vagina
OTU_97.3354,Throat
OTU_97.33546,Throat
OTU_97.33546,Tongue_dorsum
OTU_97.33546,Anterior_nares
OTU_97.3355,Stool
OTU_97.3355,Throat
OTU_97.33551,Saliva
OTU_97.33552,Mid_vagina
OTU_97.33555,Stool
OTU_97.33555,Buccal_mucosa
OTU_97.33555,Left_Retroauricular_crease
OTU_97.33563,Left_Retroauricular_crease
OTU_97.33579,Attached_Keratinized_gingiva
OTU_97.33579,Buccal_mucosa
OTU_97.33581,Throat
OTU_97.33581,Mid_vagina
OTU_97.33581,Tongue_dorsum
OTU_97.33583,Palatine_Tonsils
OTU_97.33583,Right_Retroauricular_crease
OTU_97.33590,Subgingival_plaque
OTU_97.33590,Attached_Keratinized_gingiva
OTU_97.33590,Right_Retroauricular_crease
OTU_97.33590,Anterior_nares
OTU_97.3361,Saliva
OTU_97.33616,Anterior_nares
OTU_97.33634,Subgingival_plaque
OTU_97.33634,Palatine_Tonsils
OTU_97.33637,Throat
OTU_97.33645,Posterior_fornix
OTU_97.33645,Left_Retroauricular_crease
OTU_97.33653,Right_Retroauricular_crease
OTU_97.33655,Stool
OTU_97.33669,Attached_Keratinized_gingiva
OTU_97.33669,Palatine_Tonsils
OTU_97.33669,Tongue_dorsum
OTU_97.33672,Hard_palate
OTU_97.33672,Left_Retroauricular_crease
OTU_97.33675,Posterior_fornix
OTU_97.33675,Buccal_mucosa
OTU_97.33679,Right_Retroauricular_crease
OTU_97.33680,Stool
OTU_97.33680,Posterior_fornix
OTU_97.33680,Buccal_mucosa
OTU_97.33680,Tongue_dorsum
OTU_97.33698,Throat
OTU_97.33698,Subgingival_plaque
OTU_97.33698,Left_Retroauricular_crease
OTU_97.33699,Left_Retroauricular_crease
OTU_97.33703,Right_Retroauricular_crease
OTU_97.33710,Stool
OTU_97.33717,Subgingival_plaque
OTU_97.33727,Throat
OTU_97.33727,Hard_palate
OTU_97.33733,Saliva
OTU_97.33733,Hard_palate
OTU_97.33739,Throat
OTU_97.33745,Subgingival_plaque
OTU_97.33745,Anterior_nares
OTU_97.33749,Subgingival_plaque
OTU_97.33759,Palatine_Tonsils
OTU_97.33761,Supragingival_plaque
OTU_97.33761,Left_Retroauricular_crease
OTU_97.33787,Saliva
OTU_97.3379,Palatine_Tonsils
OTU_97.33795,Anterior_nares
OTU_97.33798,Saliva
OTU_97.33798,Right_Retroauricular_crease
OTU_97.338,Subgingival_plaque
OTU_97.33803,Subgingival_plaque
OTU_97.33803,Posterior_fornix
OTU_97.33803,Hard_palate
OTU_97.33803,Left_Retroauricular_crease
OTU_97.33807,Stool
OTU_97.33807,Right_Retroauricular_crease
OTU_97.3381,Palatine_Tonsils
OTU_97.33810,Stool
OTU_97.33810,Supragingival_plaque
OTU_97.33810,Anterior_nares
OTU_97.33813,Mid_vagina
OTU_97.33813,Buccal_mucosa
OTU_97.33814,Supragingival_plaque
OTU_97.33814,Saliva
OTU_97.33814,Palatine_Tonsils
OTU_97.33826,Saliva
OTU_97.33841,Supragingival_plaque
OTU_97.33841,Attached_Keratinized_gingiva
OTU_97.33841,Posterior_fornix
OTU_97.33846,Stool
OTU_97.33846,Throat
OTU_97.33847,Subgingival_plaque
OTU_97.33847,Buccal_mucosa
OTU_97.33855,Hard_palate
OTU_97.33859,Right_Retroauricular_crease
OTU_97.33865,Left_Retroauricular_crease
OTU_97.33866,Tongue_dorsum
OTU_97.33866,Hard_palate
OTU_97.33866,Right_Retroauricular_crease
OTU_97.3387,Subgingival_plaque
OTU_97.3387,Supragingival_plaque
OTU_97.33870,Mid_vagina
OTU_97.33872,Mid_vagina
OTU_97.33872,Palatine_Tonsils
OTU_97.33872,Left_Retroauricular_crease
OTU_97.33873,Throat
OTU_97.33873,Supragingival_plaque
OTU_97.33873,Saliva
OTU_97.33876,Palatine_Tonsils
OTU_97.3388,Stool
OTU_97.3388,Attached_Keratinized_gingiva
OTU_97.33886,Posterior_fornix
OTU_97.33891,Saliva
OTU_97.33892,Hard_palate
OTU_97.339,Buccal_mucosa
OTU_97.33907,Left_Retroauricular_crease
OTU_97.33919,Mid_vagina
OTU_97.33923,Attached_Keratinized_gingiva
OTU_97.33923,Posterior_fornix
OTU_97.33936,Supragingival_plaque
OTU_97.33940,Saliva
OTU_97.33945,Stool
OTU_97.33945,Palatine_Tonsils
OTU_97.33947,Stool
OTU_97.33947,Left_Retroauricular_crease
OTU_97.33955,Subgingival_plaque
OTU_97.33955,Right_Retroauricular_crease
OTU_97.33956,Subgingival_plaque
OTU_97.33961,Supragingival_plaque
OTU_97.33966,Subgingival_plaque
OTU_97.33966,Left_Retroauricular_crease
OTU_97.33971,Right_Retroauricular_crease
OTU_97.33971,Anterior_nares
OTU_97.3398,Buccal_mucosa
OTU_97.33985,Palatine_Tonsils
OTU_97.33988,Tongue_dorsum
OTU_97.33990,Palatine_Tonsils
OTU_97.33993,Stool
OTU_97.33993,Subgingival_plaque
OTU_97.33998,Stool
OTU_97.33998,Palatine_Tonsils
OTU_97.340,Subgingival_plaque
OTU_97.34003,Stool
OTU_97.34003,Subgingival_plaque
OTU_97.34003,Buccal_mucosa
OTU_97.34003,Tongue_dorsum
OTU_97.34007,Stool
OTU_97.34007,Throat
OTU_97.34007,Subgingival_plaque
OTU_97.34007,Posterior_fornix
OTU_97.34007,Palatine_Tonsils
OTU_97.34019,Stool
OTU_97.34019,Attached_Keratinized_gingiva
OTU_97.34022,Saliva
OTU_97.34023,Stool
OTU_97.34023,Supragingival_plaque
OTU_97.34027,Buccal_mucosa
OTU_97.34027,Anterior_nares
OTU_97.34028,Mid_vagina
OTU_97.34028,Anterior_nares
OTU_97.34029,Throat
OTU_97.34029,Buccal_mucosa
OTU_97.34032,Subgingival_plaque
OTU_97.34032,Mid_vagina
OTU_97.34032,Right_Retroauricular_crease
OTU_97.34038,Saliva
OTU_97.34038,Buccal_mucosa
OTU_97.34039,Saliva
OTU_97.34043,Throat
OTU_97.34046,Right_Retroauricular_crease
OTU_97.34047,Hard_palate
OTU_97.34048,Right_Retroauricular_crease
OTU_97.34053,Right_Retroauricular_crease
OTU_97.34059,Tongue_dorsum
OTU_97.34059,Right_Retroauricular_crease
OTU_97.34074,Palatine_Tonsils
OTU_97.34076,Saliva
OTU_97.34077,Throat
OTU_97.34088,Tongue_dorsum
OTU_97.34088,Hard_palate
OTU_97.34093,Buccal_mucosa
OTU_97.34093,Anterior_nares
OTU_97.34094,Stool
OTU_97.34094,Mid_vagina
OTU_97.34094,Anterior_nares
OTU_97.34102,Saliva
OTU_97.34102,Buccal_mucosa
OTU_97.34107,Saliva
OTU_97.34119,Subgingival_plaque
OTU_97.3412,Stool
OTU_97.3412,Hard_palate
OTU_97.34132,Saliva
OTU_97.34134,Hard_palate
OTU_97.34147,Throat
OTU_97.34147,Mid_vagina
OTU_97.34147,Hard_palate
OTU_97.34148,Buccal_mucosa
OTU_97.34149,Stool
OTU_97.34150,Stool
OTU_97.34171,Supragingival_plaque
OTU_97.34171,Hard_palate
OTU_97.34173,Throat
OTU_97.34173,Tongue_dorsum
OTU_97.3418,Attached_Keratinized_gingiva
OTU_97.3418,Anterior_nares
OTU_97.34184,Palatine_Tonsils
OTU_97.34184,Left_Retroauricular_crease
OTU_97.34185,Attached_Keratinized_gingiva
OTU_97.34186,Throat
OTU_97.34186,Tongue_dorsum
OTU_97.34191,Posterior_fornix
OTU_97.34194,Subgingival_plaque
OTU_97.34194,Attached_Keratinized_gingiva
OTU_97.34199,Saliva
OTU_97.342,Tongue_dorsum
OTU_97.34204,Subgingival_plaque
OTU_97.34204,Left_Retroauricular_crease
OTU_97.34205,Buccal_mucosa
OTU_97.34208,Buccal_mucosa
OTU_97.34212,Palatine_Tonsils
OTU_97.34215,Right_Retroauricular_crease
OTU_97.34233,Hard_palate
OTU_97.34255,Tongue_dorsum
OTU_97.34258,Buccal_mucosa
OTU_97.34259,Saliva
OTU_97.34260,Anterior_nares
OTU_97.34274,Buccal_mucosa
OTU_97.34274,Left_Retroauricular_crease
OTU_97.34286,Subgingival_plaque
OTU_97.34294,Stool
OTU_97.34294,Buccal_mucosa
OTU_97.34297,Palatine_Tonsils
OTU_97.34304,Palatine_Tonsils
OTU_97.34308,Posterior_fornix
OTU_97.34308,Left_Retroauricular_crease
OTU_97.34308,Anterior_nares
OTU_97.34311,Stool
OTU_97.34311,Buccal_mucosa
OTU_97.34314,Attached_Keratinized_gingiva
OTU_97.34315,Palatine_Tonsils
OTU_97.34317,Saliva
OTU_97.3432,Saliva
OTU_97.3432,Posterior_fornix
OTU_97.34320,Throat
OTU_97.34325,Tongue_dorsum
OTU_97.34325,Right_Retroauricular_crease
OTU_97.34326,Left_Retroauricular_crease
OTU_97.34330,Attached_Keratinized_gingiva
OTU_97.34331,Throat
OTU_97.34331,Hard_palate
OTU_97.34335,Palatine_Tonsils
OTU_97.34344,Throat
OTU_97.34344,Left_Retroauricular_crease
OTU_97.34348,Posterior_fornix
OTU_97.34348,Mid_vagina
OTU_97.34348,Palatine_Tonsils
OTU_97.34360,Palatine_Tonsils
OTU_97.34360,Tongue_dorsum
OTU_97.34363,Attached_Keratinized_gingiva
OTU_97.34363,Hard_palate
OTU_97.34365,Throat
OTU_97.34365,Palatine_Tonsils
OTU_97.34369,Subgingival_plaque
OTU_97.34369,Posterior_fornix
OTU_97.34372,Buccal_mucosa
OTU_97.34374,Stool
OTU_97.34376,Buccal_mucosa
OTU_97.34376,Left_Retroauricular_crease
OTU_97.34376,Right_Retroauricular_crease
OTU_97.34382,Buccal_mucosa
OTU_97.34382,Palatine_Tonsils
OTU_97.34382,Left_Retroauricular_crease
OTU_97.34383,Anterior_nares
OTU_97.34384,Posterior_fornix
OTU_97.34384,Hard_palate
OTU_97.34389,Subgingival_plaque
OTU_97.34393,Right_Retroauricular_crease
OTU_97.34394,Throat
OTU_97.34394,Left_Retroauricular_crease
OTU_97.34404,Stool
OTU_97.34411,Supragingival_plaque
OTU_97.34413,Posterior_fornix
OTU_97.34413,Hard_palate
OTU_97.34415,Subgingival_plaque
OTU_97.34415,Posterior_fornix
OTU_97.34415,Tongue_dorsum
OTU_97.34415,Left_Retroauricular_crease
OTU_97.34415,Right_Retroauricular_crease
OTU_97.34424,Attached_Keratinized_gingiva
OTU_97.34425,Attached_Keratinized_gingiva
OTU_97.34425,Left_Retroauricular_crease
OTU_97.34426,Tongue_dorsum
OTU_97.3443,Attached_Keratinized_gingiva
OTU_97.34431,Posterior_fornix
OTU_97.34431,Hard_palate
OTU_97.34438,Supragingival_plaque
OTU_97.34438,Buccal_mucosa
OTU_97.34440,Throat
OTU_97.34440,Mid_vagina
OTU_97.34440,Left_Retroauricular_crease
OTU_97.34446,Stool
OTU_97.34446,Subgingival_plaque
OTU_97.34446,Posterior_fornix
OTU_97.34458,Palatine_Tonsils
OTU_97.34461,Tongue_dorsum
OTU_97.34471,Saliva
OTU_97.34471,Anterior_nares
OTU_97.34483,Supragingival_plaque
OTU_97.34484,Tongue_dorsum
OTU_97.34486,Stool
OTU_97.34486,Buccal_mucosa
OTU_97.34487,Posterior_fornix
OTU_97.34487,Hard_palate
OTU_97.34490,Posterior_fornix
OTU_97.34490,Hard_palate
OTU_97.34500,Attached_Keratinized_gingiva
OTU_97.34500,Anterior_nares
OTU_97.34503,Attached_Keratinized_gingiva
OTU_97.34505,Subgingival_plaque
OTU_97.34505,Tongue_dorsum
OTU_97.34505,Hard_palate
OTU_97.34511,Left_Retroauricular_crease
OTU_97.34512,Throat
OTU_97.34517,Right_Retroauricular_crease
OTU_97.34520,Throat
OTU_97.34522,Palatine_Tonsils
OTU_97.34522,Right_Retroauricular_crease
OTU_97.34523,Posterior_fornix
OTU_97.34537,Supragingival_plaque
OTU_97.34538,Subgingival_plaque
OTU_97.34539,Left_Retroauricular_crease
OTU_97.34541,Throat
OTU_97.34541,Saliva
OTU_97.34551,Palatine_Tonsils
OTU_97.34552,Tongue_dorsum
OTU_97.34552,Hard_palate
OTU_97.34558,Tongue_dorsum
OTU_97.34558,Left_Retroauricular_crease
OTU_97.34559,Subgingival_plaque
OTU_97.34560,Palatine_Tonsils
OTU_97.34560,Left_Retroauricular_crease
OTU_97.34562,Subgingival_plaque
OTU_97.34562,Buccal_mucosa
OTU_97.34562,Right_Retroauricular_crease
OTU_97.34563,Right_Retroauricular_crease
OTU_97.34565,Subgingival_plaque
OTU_97.34568,Attached_Keratinized_gingiva
OTU_97.34570,Saliva
OTU_97.34570,Posterior_fornix
OTU_97.34571,Supragingival_plaque
OTU_97.34571,Palatine_Tonsils
OTU_97.34572,Attached_Keratinized_gingiva
OTU_97.34572,Mid_vagina
OTU_97.34573,Attached_Keratinized_gingiva
OTU_97.34573,Tongue_dorsum
OTU_97.34579,Throat
OTU_97.34579,Right_Retroauricular_crease
OTU_97.34582,Left_Retroauricular_crease
OTU_97.34584,Hard_palate
OTU_97.34587,Subgingival_plaque
OTU_97.34587,Hard_palate
OTU_97.34591,Stool
OTU_97.34591,Tongue_dorsum
OTU_97.34591,Left_Retroauricular_crease
OTU_97.34593,Subgingival_plaque
OTU_97.34598,Throat
OTU_97.34598,Subgingival_plaque
OTU_97.34598,Supragingival_plaque
OTU_97.34600,Attached_Keratinized_gingiva
OTU_97.34600,Buccal_mucosa
OTU_97.34606,Posterior_fornix
OTU_97.34609,Mid_vagina
OTU_97.3461,Attached_Keratinized_gingiva
OTU_97.3461,Buccal_mucosa
OTU_97.34611,Right_Retroauricular_crease
OTU_97.34614,Mid_vagina
OTU_97.34623,Hard_palate
OTU_97.34628,Anterior_nares
OTU_97.34639,Saliva
OTU_97.34639,Posterior_fornix
OTU_97.34642,Supragingival_plaque
OTU_97.34643,Hard_palate
OTU_97.34646,Attached_Keratinized_gingiva
OTU_97.34652,Palatine_Tonsils
OTU_97.34654,Saliva
OTU_97.34654,Left_Retroauricular_crease
OTU_97.34663,Stool
OTU_97.34663,Throat
OTU_97.34663,Tongue_dorsum
OTU_97.34664,Right_Retroauricular_crease
OTU_97.34671,Stool
OTU_97.34672,Subgingival_plaque
OTU_97.34674,Mid_vagina
OTU_97.34674,Tongue_dorsum
OTU_97.34681,Left_Retroauricular_crease
OTU_97.34683,Tongue_dorsum
OTU_97.34683,Left_Retroauricular_crease
OTU_97.34692,Supragingival_plaque
OTU_97.34695,Supragingival_plaque
OTU_97.34695,Attached_Keratinized_gingiva
OTU_97.34699,Tongue_dorsum
OTU_97.347,Buccal_mucosa
OTU_97.34705,Mid_vagina
OTU_97.34706,Supragingival_plaque
OTU_97.34706,Posterior_fornix
OTU_97.34706,Hard_palate
OTU_97.34711,Throat
OTU_97.34711,Subgingival_plaque
OTU_97.34711,Attached_Keratinized_gingiva
OTU_97.34712,Palatine_Tonsils
OTU_97.34713,Tongue_dorsum
OTU_97.34713,Anterior_nares
OTU_97.34715,Hard_palate
OTU_97.34719,Attached_Keratinized_gingiva
OTU_97.34719,Mid_vagina
OTU_97.34723,Left_Retroauricular_crease
OTU_97.34725,Mid_vagina
OTU_97.34725,Tongue_dorsum
OTU_97.34726,Stool
OTU_97.34726,Subgingival_plaque
OTU_97.34726,Posterior_fornix
OTU_97.34728,Throat
OTU_97.34728,Mid_vagina
OTU_97.34731,Throat
OTU_97.34731,Anterior_nares
OTU_97.34732,Right_Retroauricular_crease
OTU_97.34736,Anterior_nares
OTU_97.34737,Throat
OTU_97.34737,Supragingival_plaque
OTU_97.34737,Palatine_Tonsils
OTU_97.34739,Throat
OTU_97.34739,Attached_Keratinized_gingiva
OTU_97.34746,Attached_Keratinized_gingiva
OTU_97.34747,Anterior_nares
OTU_97.34748,Mid_vagina
OTU_97.34752,Subgingival_plaque
OTU_97.34752,Palatine_Tonsils
OTU_97.34752,Right_Retroauricular_crease
OTU_97.34755,Stool
OTU_97.34755,Saliva
OTU_97.34756,Left_Retroauricular_crease
OTU_97.34777,Supragingival_plaque
OTU_97.34777,Attached_Keratinized_gingiva
OTU_97.34777,Saliva
OTU_97.34777,Tongue_dorsum
OTU_97.34779,Attached_Keratinized_gingiva
OTU_97.34779,Saliva
OTU_97.34783,Left_Retroauricular_crease
OTU_97.34789,Attached_Keratinized_gingiva
OTU_97.3479,Throat
OTU_97.3479,Hard_palate
OTU_97.34791,Saliva
OTU_97.34791,Palatine_Tonsils
OTU_97.34793,Stool
OTU_97.34793,Attached_Keratinized_gingiva
OTU_97.34795,Throat
OTU_97.34795,Subgingival_plaque
OTU_97.34795,Palatine_Tonsils
OTU_97.34799,Tongue_dorsum
OTU_97.34806,Mid_vagina
OTU_97.34806,Palatine_Tonsils
OTU_97.3481,Saliva
OTU_97.34815,Throat
OTU_97.34815,Tongue_dorsum
OTU_97.34817,Saliva
OTU_97.34817,Palatine_Tonsils
OTU_97.34820,Buccal_mucosa
OTU_97.34821,Subgingival_plaque
OTU_97.34821,Posterior_fornix
OTU_97.34825,Stool
OTU_97.34825,Buccal_mucosa
OTU_97.34825,Palatine_Tonsils
OTU_97.34827,Mid_vagina
OTU_97.34829,Attached_Keratinized_gingiva
OTU_97.3483,Subgingival_plaque
OTU_97.34830,Supragingival_plaque
OTU_97.34836,Mid_vagina
OTU_97.34839,Subgingival_plaque
OTU_97.34842,Posterior_fornix
OTU_97.34843,Saliva
OTU_97.34843,Posterior_fornix
OTU_97.34847,Right_Retroauricular_crease
OTU_97.34852,Stool
OTU_97.34852,Posterior_fornix
OTU_97.34863,Subgingival_plaque
OTU_97.34864,Hard_palate
OTU_97.34865,Attached_Keratinized_gingiva
OTU_97.34868,Throat
OTU_97.34868,Anterior_nares
OTU_97.34870,Mid_vagina
OTU_97.34870,Tongue_dorsum
OTU_97.34870,Anterior_nares
OTU_97.34873,Throat
OTU_97.34880,Stool
OTU_97.34880,Subgingival_plaque
OTU_97.34880,Attached_Keratinized_gingiva
OTU_97.34880,Tongue_dorsum
OTU_97.34881,Attached_Keratinized_gingiva
OTU_97.34881,Posterior_fornix
OTU_97.34883,Attached_Keratinized_gingiva
OTU_97.34883,Right_Retroauricular_crease
OTU_97.34883,Anterior_nares
OTU_97.34888,Anterior_nares
OTU_97.34889,Attached_Keratinized_gingiva
OTU_97.34891,Attached_Keratinized_gingiva
OTU_97.34903,Attached_Keratinized_gingiva
OTU_97.34904,Anterior_nares
OTU_97.34908,Posterior_fornix
OTU_97.34908,Buccal_mucosa
OTU_97.34908,Hard_palate
OTU_97.34916,Stool
OTU_97.34916,Left_Retroauricular_crease
OTU_97.34918,Posterior_fornix
OTU_97.34918,Palatine_Tonsils
OTU_97.34920,Stool
OTU_97.34920,Subgingival_plaque
OTU_97.34923,Posterior_fornix
OTU_97.34923,Tongue_dorsum
OTU_97.34923,Hard_palate
OTU_97.34926,Stool
OTU_97.34927,Buccal_mucosa
OTU_97.34929,Right_Retroauricular_crease
OTU_97.34934,Subgingival_plaque
OTU_97.34936,Tongue_dorsum
OTU_97.34940,Saliva
OTU_97.34945,Stool
OTU_97.34945,Posterior_fornix
OTU_97.34945,Hard_palate
OTU_97.34948,Stool
OTU_97.34949,Posterior_fornix
OTU_97.34950,Posterior_fornix
OTU_97.34950,Right_Retroauricular_crease
OTU_97.34954,Saliva
OTU_97.34955,Tongue_dorsum
OTU_97.34957,Left_Retroauricular_crease
OTU_97.34963,Subgingival_plaque
OTU_97.34967,Mid_vagina
OTU_97.34967,Left_Retroauricular_crease
OTU_97.34968,Throat
OTU_97.34968,Supragingival_plaque
OTU_97.34968,Attached_Keratinized_gingiva
OTU_97.34972,Palatine_Tonsils
OTU_97.34973,Supragingival_plaque
OTU_97.34978,Mid_vagina
OTU_97.3498,Posterior_fornix
OTU_97.3498,Palatine_Tonsils
OTU_97.34984,Stool
OTU_97.34984,Palatine_Tonsils
OTU_97.34984,Tongue_dorsum
OTU_97.34984,Anterior_nares
OTU_97.34987,Throat
OTU_97.34987,Buccal_mucosa
OTU_97.34987,Anterior_nares
OTU_97.34992,Posterior_fornix
OTU_97.34993,Saliva
OTU_97.34993,Buccal_mucosa
OTU_97.34993,Left_Retroauricular_crease
OTU_97.34994,Mid_vagina
OTU_97.34998,Attached_Keratinized_gingiva
OTU_97.34998,Tongue_dorsum
OTU_97.350,Stool
OTU_97.35010,Anterior_nares
OTU_97.35014,Saliva
OTU_97.35014,Anterior_nares
OTU_97.35016,Hard_palate
OTU_97.35016,Left_Retroauricular_crease
OTU_97.35021,Mid_vagina
OTU_97.35025,Tongue_dorsum
OTU_97.35028,Buccal_mucosa
OTU_97.35028,Tongue_dorsum
OTU_97.35036,Attached_Keratinized_gingiva
OTU_97.35036,Palatine_Tonsils
OTU_97.35036,Anterior_nares
OTU_97.35048,Palatine_Tonsils
OTU_97.35048,Left_Retroauricular_crease
OTU_97.35052,Throat
OTU_97.35052,Mid_vagina
OTU_97.35052,Left_Retroauricular_crease
OTU_97.35055,Attached_Keratinized_gingiva
OTU_97.35055,Mid_vagina
OTU_97.35057,Hard_palate
OTU_97.3506,Saliva
OTU_97.3506,Anterior_nares
OTU_97.35063,Subgingival_plaque
OTU_97.35063,Posterior_fornix
OTU_97.35064,Attached_Keratinized_gingiva
OTU_97.35064,Mid_vagina
OTU_97.35066,Hard_palate
OTU_97.35071,Subgingival_plaque
OTU_97.35081,Palatine_Tonsils
OTU_97.35082,Saliva
OTU_97.35082,Tongue_dorsum
OTU_97.35082,Anterior_nares
OTU_97.35083,Anterior_nares
OTU_97.35085,Attached_Keratinized_gingiva
OTU_97.35089,Left_Retroauricular_crease
OTU_97.35097,Anterior_nares
OTU_97.35105,Saliva
OTU_97.35105,Tongue_dorsum
OTU_97.35106,Anterior_nares
OTU_97.35107,Subgingival_plaque
OTU_97.35107,Right_Retroauricular_crease
OTU_97.35109,Attached_Keratinized_gingiva
OTU_97.35109,Right_Retroauricular_crease
OTU_97.35115,Hard_palate
OTU_97.35115,Anterior_nares
OTU_97.35116,Palatine_Tonsils
OTU_97.35124,Subgingival_plaque
OTU_97.35130,Saliva
OTU_97.35130,Left_Retroauricular_crease
OTU_97.35134,Saliva
OTU_97.35134,Palatine_Tonsils
OTU_97.35134,Anterior_nares
OTU_97.35139,Stool
OTU_97.35139,Attached_Keratinized_gingiva
OTU_97.35144,Hard_palate
OTU_97.35145,Throat
OTU_97.35148,Hard_palate
OTU_97.35151,Saliva
OTU_97.35153,Buccal_mucosa
OTU_97.35154,Stool
OTU_97.35155,Saliva
OTU_97.35157,Buccal_mucosa
OTU_97.35159,Buccal_mucosa
OTU_97.35159,Palatine_Tonsils
OTU_97.35161,Hard_palate
OTU_97.35161,Right_Retroauricular_crease
OTU_97.35164,Stool
OTU_97.35165,Stool
OTU_97.35165,Palatine_Tonsils
OTU_97.3517,Anterior_nares
OTU_97.35171,Throat
OTU_97.35181,Stool
OTU_97.35185,Throat
OTU_97.35185,Palatine_Tonsils
OTU_97.35196,Hard_palate
OTU_97.352,Anterior_nares
OTU_97.35201,Subgingival_plaque
OTU_97.35201,Attached_Keratinized_gingiva
OTU_97.35203,Buccal_mucosa
OTU_97.35203,Tongue_dorsum
OTU_97.35204,Mid_vagina
OTU_97.35206,Throat
OTU_97.35206,Supragingival_plaque
OTU_97.35207,Throat
OTU_97.35207,Palatine_Tonsils
OTU_97.35210,Attached_Keratinized_gingiva
OTU_97.35214,Attached_Keratinized_gingiva
OTU_97.35220,Supragingival_plaque
OTU_97.35223,Subgingival_plaque
OTU_97.35226,Throat
OTU_97.35226,Attached_Keratinized_gingiva
OTU_97.35227,Posterior_fornix
OTU_97.35227,Buccal_mucosa
OTU_97.35232,Saliva
OTU_97.35233,Buccal_mucosa
OTU_97.35233,Left_Retroauricular_crease
OTU_97.35242,Supragingival_plaque
OTU_97.35243,Attached_Keratinized_gingiva
OTU_97.35245,Saliva
OTU_97.35248,Tongue_dorsum
OTU_97.35249,Supragingival_plaque
OTU_97.35249,Buccal_mucosa
OTU_97.35249,Hard_palate
OTU_97.35252,Tongue_dorsum
OTU_97.35254,Subgingival_plaque
OTU_97.35254,Buccal_mucosa
OTU_97.3526,Stool
OTU_97.3526,Tongue_dorsum
OTU_97.35261,Anterior_nares
OTU_97.35266,Subgingival_plaque
OTU_97.35266,Posterior_fornix
OTU_97.35266,Left_Retroauricular_crease
OTU_97.35267,Left_Retroauricular_crease
OTU_97.35267,Right_Retroauricular_crease
OTU_97.35268,Stool
OTU_97.35269,Tongue_dorsum
OTU_97.35270,Palatine_Tonsils
OTU_97.35271,Hard_palate
OTU_97.35274,Posterior_fornix
OTU_97.3529,Attached_Keratinized_gingiva
OTU_97.3529,Mid_vagina
OTU_97.3529,Right_Retroauricular_crease
OTU_97.35290,Stool
OTU_97.35293,Supragingival_plaque
OTU_97.35293,Left_Retroauricular_crease
OTU_97.35296,Saliva
OTU_97.35303,Hard_palate
OTU_97.35303,Anterior_nares
OTU_97.35304,Throat
OTU_97.35308,Tongue_dorsum
OTU_97.35309,Buccal_mucosa
OTU_97.35309,Anterior_nares
OTU_97.35310,Mid_vagina
OTU_97.35311,Stool
OTU_97.35311,Posterior_fornix
OTU_97.35313,Buccal_mucosa
OTU_97.35326,Tongue_dorsum
OTU_97.35328,Buccal_mucosa
OTU_97.35329,Stool
OTU_97.35331,Palatine_Tonsils
OTU_97.35344,Right_Retroauricular_crease
OTU_97.35347,Anterior_nares
OTU_97.35354,Supragingival_plaque
OTU_97.35362,Saliva
OTU_97.35376,Throat
OTU_97.35378,Stool
OTU_97.35378,Subgingival_plaque
OTU_97.35378,Buccal_mucosa
OTU_97.35393,Mid_vagina
OTU_97.35393,Tongue_dorsum
OTU_97.35394,Mid_vagina
OTU_97.35395,Mid_vagina
OTU_97.35397,Throat
OTU_97.35397,Posterior_fornix
OTU_97.35407,Throat
OTU_97.35407,Hard_palate
OTU_97.35408,Stool
OTU_97.35408,Posterior_fornix
OTU_97.3541,Subgingival_plaque
OTU_97.3541,Posterior_fornix
OTU_97.35416,Saliva
OTU_97.35416,Mid_vagina
OTU_97.35416,Buccal_mucosa
OTU_97.35416,Tongue_dorsum
OTU_97.35422,Supragingival_plaque
OTU_97.35422,Posterior_fornix
OTU_97.35422,Anterior_nares
OTU_97.3544,Right_Retroauricular_crease
OTU_97.35440,Stool
OTU_97.35442,Mid_vagina
OTU_97.35442,Buccal_mucosa
OTU_97.35449,Hard_palate
OTU_97.35457,Posterior_fornix
OTU_97.35459,Attached_Keratinized_gingiva
OTU_97.35459,Right_Retroauricular_crease
OTU_97.35459,Anterior_nares
OTU_97.35461,Right_Retroauricular_crease
OTU_97.35488,Subgingival_plaque
OTU_97.35488,Posterior_fornix
OTU_97.35490,Buccal_mucosa
OTU_97.35490,Tongue_dorsum
OTU_97.35501,Hard_palate
OTU_97.35508,Supragingival_plaque
OTU_97.35511,Palatine_Tonsils
OTU_97.35521,Right_Retroauricular_crease
OTU_97.35522,Saliva
OTU_97.35534,Stool
OTU_97.35534,Palatine_Tonsils
OTU_97.35534,Right_Retroauricular_crease
OTU_97.35536,Palatine_Tonsils
OTU_97.35536,Left_Retroauricular_crease
OTU_97.35538,Attached_Keratinized_gingiva
OTU_97.35544,Supragingival_plaque
OTU_97.35544,Posterior_fornix
OTU_97.35544,Tongue_dorsum
OTU_97.35548,Buccal_mucosa
OTU_97.35549,Stool
OTU_97.35549,Right_Retroauricular_crease
OTU_97.3555,Tongue_dorsum
OTU_97.3555,Left_Retroauricular_crease
OTU_97.35551,Mid_vagina
OTU_97.35551,Right_Retroauricular_crease
OTU_97.35552,Left_Retroauricular_crease
OTU_97.35554,Posterior_fornix
OTU_97.35554,Mid_vagina
OTU_97.35554,Buccal_mucosa
OTU_97.35555,Throat
OTU_97.35555,Right_Retroauricular_crease
OTU_97.35557,Supragingival_plaque
OTU_97.35557,Attached_Keratinized_gingiva
OTU_97.35557,Palatine_Tonsils
OTU_97.35561,Attached_Keratinized_gingiva
OTU_97.35564,Subgingival_plaque
OTU_97.35564,Buccal_mucosa
OTU_97.35570,Posterior_fornix
OTU_97.35575,Buccal_mucosa
OTU_97.35577,Supragingival_plaque
OTU_97.35588,Right_Retroauricular_crease
OTU_97.35590,Throat
OTU_97.35590,Attached_Keratinized_gingiva
OTU_97.35604,Saliva
OTU_97.35607,Supragingival_plaque
OTU_97.35607,Buccal_mucosa
OTU_97.35611,Palatine_Tonsils
OTU_97.35613,Attached_Keratinized_gingiva
OTU_97.35613,Mid_vagina
OTU_97.35619,Throat
OTU_97.35623,Supragingival_plaque
OTU_97.35633,Throat
OTU_97.35637,Throat
OTU_97.35638,Saliva
OTU_97.35642,Right_Retroauricular_crease
OTU_97.35642,Anterior_nares
OTU_97.35644,Saliva
OTU_97.35644,Buccal_mucosa
OTU_97.35644,Left_Retroauricular_crease
OTU_97.35645,Hard_palate
OTU_97.35656,Left_Retroauricular_crease
OTU_97.35664,Anterior_nares
OTU_97.35665,Attached_Keratinized_gingiva
OTU_97.35665,Mid_vagina
OTU_97.35666,Tongue_dorsum
OTU_97.35666,Left_Retroauricular_crease
OTU_97.35669,Anterior_nares
OTU_97.35672,Saliva
OTU_97.35675,Posterior_fornix
OTU_97.35682,Tongue_dorsum
OTU_97.35683,Anterior_nares
OTU_97.35688,Left_Retroauricular_crease
OTU_97.35688,Right_Retroauricular_crease
OTU_97.35702,Attached_Keratinized_gingiva
OTU_97.35702,Posterior_fornix
OTU_97.35706,Throat
OTU_97.35706,Tongue_dorsum
OTU_97.3571,Tongue_dorsum
OTU_97.3571,Hard_palate
OTU_97.35712,Supragingival_plaque
OTU_97.35712,Saliva
OTU_97.35712,Buccal_mucosa
OTU_97.35712,Right_Retroauricular_crease
OTU_97.35713,Subgingival_plaque
OTU_97.35713,Attached_Keratinized_gingiva
OTU_97.35713,Mid_vagina
OTU_97.35713,Palatine_Tonsils
OTU_97.35713,Anterior_nares
OTU_97.35716,Left_Retroauricular_crease
OTU_97.3572,Mid_vagina
OTU_97.3572,Palatine_Tonsils
OTU_97.35750,Throat
OTU_97.35750,Anterior_nares
OTU_97.35765,Posterior_fornix
OTU_97.35765,Mid_vagina
OTU_97.35768,Subgingival_plaque
OTU_97.35768,Right_Retroauricular_crease
OTU_97.35768,Anterior_nares
OTU_97.35773,Stool
OTU_97.35781,Palatine_Tonsils
OTU_97.35781,Left_Retroauricular_crease
OTU_97.35784,Supragingival_plaque
OTU_97.35790,Posterior_fornix
OTU_97.35792,Supragingival_plaque
OTU_97.35793,Subgingival_plaque
OTU_97.35793,Anterior_nares
OTU_97.35794,Mid_vagina
OTU_97.35794,Palatine_Tonsils
OTU_97.35794,Tongue_dorsum
OTU_97.35799,Stool
OTU_97.35824,Posterior_fornix
OTU_97.35826,Right_Retroauricular_crease
OTU_97.35831,Posterior_fornix
OTU_97.35831,Right_Retroauricular_crease
OTU_97.35832,Mid_vagina
OTU_97.35833,Stool
OTU_97.35833,Attached_Keratinized_gingiva
OTU_97.35849,Saliva
OTU_97.35849,Hard_palate
OTU_97.35853,Buccal_mucosa
OTU_97.35856,Supragingival_plaque
OTU_97.35861,Right_Retroauricular_crease
OTU_97.35864,Stool
OTU_97.35864,Supragingival_plaque
OTU_97.35864,Tongue_dorsum
OTU_97.35864,Anterior_nares
OTU_97.35865,Palatine_Tonsils
OTU_97.3587,Right_Retroauricular_crease
OTU_97.35872,Mid_vagina
OTU_97.35872,Palatine_Tonsils
OTU_97.35875,Saliva
OTU_97.35877,Attached_Keratinized_gingiva
OTU_97.35877,Hard_palate
OTU_97.35878,Throat
OTU_97.3588,Posterior_fornix
OTU_97.35886,Subgingival_plaque
OTU_97.35886,Buccal_mucosa
OTU_97.35886,Hard_palate
OTU_97.35889,Posterior_fornix
OTU_97.35889,Buccal_mucosa
OTU_97.359,Subgingival_plaque
OTU_97.35900,Stool
OTU_97.35900,Tongue_dorsum
OTU_97.35905,Palatine_Tonsils
OTU_97.35905,Hard_palate
OTU_97.35908,Anterior_nares
OTU_97.35911,Saliva
OTU_97.35912,Stool
OTU_97.35912,Buccal_mucosa
OTU_97.35915,Hard_palate
OTU_97.35919,Saliva
OTU_97.35920,Buccal_mucosa
OTU_97.35925,Saliva
OTU_97.35925,Buccal_mucosa
OTU_97.35937,Buccal_mucosa
OTU_97.3594,Anterior_nares
OTU_97.35944,Supragingival_plaque
OTU_97.35944,Attached_Keratinized_gingiva
OTU_97.35944,Palatine_Tonsils
OTU_97.35947,Posterior_fornix
OTU_97.35947,Anterior_nares
OTU_97.35960,Palatine_Tonsils
OTU_97.35963,Subgingival_plaque
OTU_97.35963,Saliva
OTU_97.35964,Right_Retroauricular_crease
OTU_97.35973,Attached_Keratinized_gingiva
OTU_97.35973,Posterior_fornix
OTU_97.3598,Supragingival_plaque
OTU_97.3598,Attached_Keratinized_gingiva
OTU_97.3598,Palatine_Tonsils
OTU_97.35984,Subgingival_plaque
OTU_97.35988,Mid_vagina
OTU_97.35988,Buccal_mucosa
OTU_97.3599,Stool
OTU_97.35992,Left_Retroauricular_crease
OTU_97.35999,Posterior_fornix
OTU_97.36,Right_Retroauricular_crease
OTU_97.36017,Tongue_dorsum
OTU_97.36017,Hard_palate
OTU_97.36018,Left_Retroauricular_crease
OTU_97.36019,Subgingival_plaque
OTU_97.36019,Posterior_fornix
OTU_97.36019,Palatine_Tonsils
OTU_97.36029,Saliva
OTU_97.36030,Stool
OTU_97.36035,Buccal_mucosa
OTU_97.3604,Hard_palate
OTU_97.3604,Right_Retroauricular_crease
OTU_97.36046,Subgingival_plaque
OTU_97.36049,Palatine_Tonsils
OTU_97.36052,Throat
OTU_97.36066,Stool
OTU_97.36066,Subgingival_plaque
OTU_97.36066,Left_Retroauricular_crease
OTU_97.36068,Throat
OTU_97.36070,Attached_Keratinized_gingiva
OTU_97.36071,Subgingival_plaque
OTU_97.36071,Mid_vagina
OTU_97.36076,Attached_Keratinized_gingiva
OTU_97.36076,Anterior_nares
OTU_97.36081,Mid_vagina
OTU_97.36090,Palatine_Tonsils
OTU_97.36097,Posterior_fornix
OTU_97.36097,Mid_vagina
OTU_97.36097,Right_Retroauricular_crease
OTU_97.36098,Subgingival_plaque
OTU_97.36104,Throat
OTU_97.36104,Subgingival_plaque
OTU_97.36104,Right_Retroauricular_crease
OTU_97.36105,Palatine_Tonsils
OTU_97.36105,Right_Retroauricular_crease
OTU_97.36112,Throat
OTU_97.36116,Attached_Keratinized_gingiva
OTU_97.36116,Tongue_dorsum
OTU_97.36117,Stool
OTU_97.36117,Palatine_Tonsils
OTU_97.36117,Left_Retroauricular_crease
OTU_97.36123,Stool
OTU_97.36123,Attached_Keratinized_gingiva
OTU_97.36131,Palatine_Tonsils
OTU_97.36131,Anterior_nares
OTU_97.36138,Buccal_mucosa
OTU_97.36154,Left_Retroauricular_crease
OTU_97.36154,Anterior_nares
OTU_97.36155,Supragingival_plaque
OTU_97.36155,Mid_vagina
OTU_97.36155,Tongue_dorsum
OTU_97.3616,Stool
OTU_97.3616,Subgingival_plaque
OTU_97.36162,Subgingival_plaque
OTU_97.36162,Saliva
OTU_97.36162,Buccal_mucosa
OTU_97.36162,Hard_palate
OTU_97.36165,Stool
OTU_97.36165,Right_Retroauricular_crease
OTU_97.36166,Right_Retroauricular_crease
OTU_97.3617,Stool
OTU_97.3617,Right_Retroauricular_crease
OTU_97.36170,Supragingival_plaque
OTU_97.36170,Right_Retroauricular_crease
OTU_97.36177,Saliva
OTU_97.36183,Right_Retroauricular_crease
OTU_97.36187,Stool
OTU_97.36187,Mid_vagina
OTU_97.36187,Right_Retroauricular_crease
OTU_97.36192,Palatine_Tonsils
OTU_97.36192,Right_Retroauricular_crease
OTU_97.36192,Anterior_nares
OTU_97.36195,Subgingival_plaque
OTU_97.36197,Posterior_fornix
OTU_97.362,Attached_Keratinized_gingiva
OTU_97.362,Mid_vagina
OTU_97.36207,Attached_Keratinized_gingiva
OTU_97.36207,Right_Retroauricular_crease
OTU_97.36208,Buccal_mucosa
OTU_97.36210,Mid_vagina
OTU_97.36213,Palatine_Tonsils
OTU_97.36216,Throat
OTU_97.36216,Right_Retroauricular_crease
OTU_97.36217,Subgingival_plaque
OTU_97.36217,Right_Retroauricular_crease
OTU_97.36224,Tongue_dorsum
OTU_97.36231,Supragingival_plaque
OTU_97.36233,Saliva
OTU_97.36233,Palatine_Tonsils
OTU_97.36238,Tongue_dorsum
OTU_97.36238,Anterior_nares
OTU_97.3625,Throat
OTU_97.36250,Saliva
OTU_97.36250,Mid_vagina
OTU_97.36254,Subgingival_plaque
OTU_97.36254,Posterior_fornix
OTU_97.36256,Hard_palate
OTU_97.36256,Anterior_nares
OTU_97.36266,Stool
OTU_97.36266,Anterior_nares
OTU_97.36272,Tongue_dorsum
OTU_97.36275,Buccal_mucosa
OTU_97.36275,Tongue_dorsum
OTU_97.36276,Buccal_mucosa
OTU_97.36278,Subgingival_plaque
OTU_97.36280,Attached_Keratinized_gingiva
OTU_97.36280,Palatine_Tonsils
OTU_97.36281,Posterior_fornix
OTU_97.36281,Buccal_mucosa
OTU_97.36284,Saliva
OTU_97.36284,Mid_vagina
OTU_97.36286,Supragingival_plaque
OTU_97.36287,Palatine_Tonsils
OTU_97.36292,Tongue_dorsum
OTU_97.36293,Hard_palate
OTU_97.36294,Supragingival_plaque
OTU_97.36294,Posterior_fornix
OTU_97.36297,Throat
OTU_97.36297,Subgingival_plaque
OTU_97.363,Stool
OTU_97.363,Throat
OTU_97.363,Subgingival_plaque
OTU_97.363,Tongue_dorsum
OTU_97.3631,Supragingival_plaque
OTU_97.3631,Tongue_dorsum
OTU_97.36310,Attached_Keratinized_gingiva
OTU_97.36311,Attached_Keratinized_gingiva
OTU_97.36311,Saliva
OTU_97.36314,Buccal_mucosa
OTU_97.36318,Tongue_dorsum
OTU_97.36330,Right_Retroauricular_crease
OTU_97.36330,Anterior_nares
OTU_97.36338,Palatine_Tonsils
OTU_97.36341,Subgingival_plaque
OTU_97.36349,Posterior_fornix
OTU_97.36349,Hard_palate
OTU_97.36350,Attached_Keratinized_gingiva
OTU_97.36350,Posterior_fornix
OTU_97.36354,Mid_vagina
OTU_97.36362,Supragingival_plaque
OTU_97.36376,Supragingival_plaque
OTU_97.36380,Throat
OTU_97.36380,Palatine_Tonsils
OTU_97.36380,Anterior_nares
OTU_97.36387,Subgingival_plaque
OTU_97.36387,Tongue_dorsum
OTU_97.364,Throat
OTU_97.364,Saliva
OTU_97.36404,Throat
OTU_97.36404,Palatine_Tonsils
OTU_97.36410,Buccal_mucosa
OTU_97.36411,Throat
OTU_97.36411,Palatine_Tonsils
OTU_97.36411,Hard_palate
OTU_97.36412,Palatine_Tonsils
OTU_97.36418,Supragingival_plaque
OTU_97.36418,Saliva
OTU_97.36418,Right_Retroauricular_crease
OTU_97.36423,Attached_Keratinized_gingiva
OTU_97.36423,Tongue_dorsum
OTU_97.36438,Attached_Keratinized_gingiva
OTU_97.36439,Buccal_mucosa
OTU_97.36444,Supragingival_plaque
OTU_97.36444,Palatine_Tonsils
OTU_97.36455,Subgingival_plaque
OTU_97.36459,Throat
OTU_97.36459,Subgingival_plaque
OTU_97.36459,Left_Retroauricular_crease
OTU_97.36461,Attached_Keratinized_gingiva
OTU_97.36462,Anterior_nares
OTU_97.36469,Anterior_nares
OTU_97.36475,Attached_Keratinized_gingiva
OTU_97.36475,Hard_palate
OTU_97.36478,Buccal_mucosa
OTU_97.36481,Throat
OTU_97.36481,Tongue_dorsum
OTU_97.36482,Saliva
OTU_97.36482,Right_Retroauricular_crease
OTU_97.3649,Saliva
OTU_97.36490,Mid_vagina
OTU_97.365,Throat
OTU_97.365,Posterior_fornix
OTU_97.36500,Tongue_dorsum
OTU_97.36504,Buccal_mucosa
OTU_97.36504,Left_Retroauricular_crease
OTU_97.36510,Subgingival_plaque
OTU_97.36510,Right_Retroauricular_crease
OTU_97.36516,Attached_Keratinized_gingiva
OTU_97.36516,Mid_vagina
OTU_97.36521,Tongue_dorsum
OTU_97.36521,Hard_palate
OTU_97.36526,Palatine_Tonsils
OTU_97.36530,Stool
OTU_97.36530,Saliva
OTU_97.36535,Left_Retroauricular_crease
OTU_97.36543,Throat
OTU_97.36543,Saliva
OTU_97.36543,Tongue_dorsum
OTU_97.36553,Saliva
OTU_97.36563,Anterior_nares
OTU_97.36569,Attached_Keratinized_gingiva
OTU_97.36569,Palatine_Tonsils
OTU_97.36585,Stool
OTU_97.36597,Buccal_mucosa
OTU_97.36600,Subgingival_plaque
OTU_97.36610,Buccal_mucosa
OTU_97.36612,Subgingival_plaque
OTU_97.36612,Supragingival_plaque
OTU_97.36612,Buccal_mucosa
OTU_97.36612,Right_Retroauricular_crease
OTU_97.36623,Subgingival_plaque
OTU_97.36623,Supragingival_plaque
OTU_97.36632,Buccal_mucosa
OTU_97.36643,Stool
OTU_97.36643,Mid_vagina
OTU_97.36644,Buccal_mucosa
OTU_97.36644,Anterior_nares
OTU_97.36656,Left_Retroauricular_crease
OTU_97.3666,Supragingival_plaque
OTU_97.36673,Mid_vagina
OTU_97.36676,Tongue_dorsum
OTU_97.36676,Hard_palate
OTU_97.36676,Right_Retroauricular_crease
OTU_97.36677,Right_Retroauricular_crease
OTU_97.36677,Anterior_nares
OTU_97.36679,Subgingival_plaque
OTU_97.36692,Stool
OTU_97.36692,Palatine_Tonsils
OTU_97.36692,Tongue_dorsum
OTU_97.367,Tongue_dorsum
OTU_97.36709,Supragingival_plaque
OTU_97.3671,Hard_palate
OTU_97.36712,Subgingival_plaque
OTU_97.36713,Left_Retroauricular_crease
OTU_97.36741,Subgingival_plaque
OTU_97.3675,Subgingival_plaque
OTU_97.36762,Supragingival_plaque
OTU_97.36762,Buccal_mucosa
OTU_97.36762,Palatine_Tonsils
OTU_97.36767,Hard_palate
OTU_97.36775,Left_Retroauricular_crease
OTU_97.36775,Right_Retroauricular_crease
OTU_97.36795,Subgingival_plaque
OTU_97.36795,Left_Retroauricular_crease
OTU_97.36795,Anterior_nares
OTU_97.36799,Subgingival_plaque
OTU_97.36799,Attached_Keratinized_gingiva
OTU_97.36799,Palatine_Tonsils
OTU_97.368,Hard_palate
OTU_97.36818,Throat
OTU_97.36818,Supragingival_plaque
OTU_97.36818,Posterior_fornix
OTU_97.3682,Attached_Keratinized_gingiva
OTU_97.3682,Hard_palate
OTU_97.36822,Anterior_nares
OTU_97.36828,Posterior_fornix
OTU_97.36830,Attached_Keratinized_gingiva
OTU_97.36855,Saliva
OTU_97.36856,Subgingival_plaque
OTU_97.36858,Tongue_dorsum
OTU_97.3686,Saliva
OTU_97.3686,Posterior_fornix
OTU_97.3686,Buccal_mucosa
OTU_97.3686,Anterior_nares
OTU_97.36871,Palatine_Tonsils
OTU_97.36876,Supragingival_plaque
OTU_97.36876,Left_Retroauricular_crease
OTU_97.36876,Anterior_nares
OTU_97.36886,Right_Retroauricular_crease
OTU_97.36887,Mid_vagina
OTU_97.36887,Hard_palate
OTU_97.3689,Posterior_fornix
OTU_97.3689,Left_Retroauricular_crease
OTU_97.36896,Palatine_Tonsils
OTU_97.3690,Posterior_fornix
OTU_97.36908,Posterior_fornix
OTU_97.36909,Throat
OTU_97.36909,Posterior_fornix
OTU_97.36909,Buccal_mucosa
OTU_97.36910,Stool
OTU_97.36910,Throat
OTU_97.36913,Throat
OTU_97.36913,Saliva
OTU_97.36913,Mid_vagina
OTU_97.36919,Anterior_nares
OTU_97.36923,Hard_palate
OTU_97.36931,Attached_Keratinized_gingiva
OTU_97.36941,Palatine_Tonsils
OTU_97.36942,Stool
OTU_97.3695,Attached_Keratinized_gingiva
OTU_97.3695,Hard_palate
OTU_97.36955,Subgingival_plaque
OTU_97.36958,Supragingival_plaque
OTU_97.36966,Palatine_Tonsils
OTU_97.36981,Mid_vagina
OTU_97.36981,Right_Retroauricular_crease
OTU_97.36993,Tongue_dorsum
OTU_97.36997,Posterior_fornix
OTU_97.37004,Subgingival_plaque
OTU_97.37007,Tongue_dorsum
OTU_97.37007,Left_Retroauricular_crease
OTU_97.37013,Subgingival_plaque
OTU_97.37014,Supragingival_plaque
OTU_97.37014,Saliva
OTU_97.37014,Mid_vagina
OTU_97.3702,Subgingival_plaque
OTU_97.37022,Supragingival_plaque
OTU_97.37022,Right_Retroauricular_crease
OTU_97.3704,Subgingival_plaque
OTU_97.37040,Attached_Keratinized_gingiva
OTU_97.37049,Subgingival_plaque
OTU_97.37049,Attached_Keratinized_gingiva
OTU_97.37066,Hard_palate
OTU_97.37082,Saliva
OTU_97.37082,Hard_palate
OTU_97.37085,Mid_vagina
OTU_97.37085,Palatine_Tonsils
OTU_97.37097,Right_Retroauricular_crease
OTU_97.37097,Anterior_nares
OTU_97.371,Left_Retroauricular_crease
OTU_97.3710,Attached_Keratinized_gingiva
OTU_97.3710,Buccal_mucosa
OTU_97.37100,Mid_vagina
OTU_97.37101,Throat
OTU_97.37104,Anterior_nares
OTU_97.37108,Hard_palate
OTU_97.37109,Posterior_fornix
OTU_97.37110,Buccal_mucosa
OTU_97.3712,Mid_vagina
OTU_97.37120,Saliva
OTU_97.37125,Stool
OTU_97.37128,Right_Retroauricular_crease
OTU_97.37130,Hard_palate
OTU_97.37132,Palatine_Tonsils
OTU_97.37136,Left_Retroauricular_crease
OTU_97.37145,Stool
OTU_97.37145,Left_Retroauricular_crease
OTU_97.37154,Anterior_nares
OTU_97.37156,Stool
OTU_97.37159,Tongue_dorsum
OTU_97.37163,Supragingival_plaque
OTU_97.3717,Mid_vagina
OTU_97.3717,Tongue_dorsum
OTU_97.37175,Subgingival_plaque
OTU_97.37175,Buccal_mucosa
OTU_97.37178,Throat
OTU_97.37178,Tongue_dorsum
OTU_97.3718,Hard_palate
OTU_97.3718,Right_Retroauricular_crease
OTU_97.37180,Stool
OTU_97.37180,Palatine_Tonsils
OTU_97.37185,Left_Retroauricular_crease
OTU_97.37186,Throat
OTU_97.37187,Throat
OTU_97.37187,Subgingival_plaque
OTU_97.37187,Saliva
OTU_97.37191,Left_Retroauricular_crease
OTU_97.372,Buccal_mucosa
OTU_97.37201,Attached_Keratinized_gingiva
OTU_97.37201,Palatine_Tonsils
OTU_97.37221,Supragingival_plaque
OTU_97.37221,Saliva
OTU_97.37221,Posterior_fornix
OTU_97.37221,Right_Retroauricular_crease
OTU_97.37222,Stool
OTU_97.37222,Supragingival_plaque
OTU_97.37236,Buccal_mucosa
OTU_97.37238,Throat
OTU_97.37241,Hard_palate
OTU_97.37246,Attached_Keratinized_gingiva
OTU_97.37246,Right_Retroauricular_crease
OTU_97.37249,Tongue_dorsum
OTU_97.37250,Supragingival_plaque
OTU_97.37250,Right_Retroauricular_crease
OTU_97.37254,Posterior_fornix
OTU_97.37254,Mid_vagina
OTU_97.37259,Left_Retroauricular_crease
OTU_97.3726,Subgingival_plaque
OTU_97.37262,Hard_palate
OTU_97.37275,Right_Retroauricular_crease
OTU_97.37277,Hard_palate
OTU_97.37280,Posterior_fornix
OTU_97.37280,Right_Retroauricular_crease
OTU_97.37288,Attached_Keratinized_gingiva
OTU_97.37288,Buccal_mucosa
OTU_97.3729,Supragingival_plaque
OTU_97.37297,Supragingival_plaque
OTU_97.37310,Mid_vagina
OTU_97.37313,Posterior_fornix
OTU_97.37313,Mid_vagina
OTU_97.37313,Buccal_mucosa
OTU_97.37317,Right_Retroauricular_crease
OTU_97.37323,Buccal_mucosa
OTU_97.37326,Stool
OTU_97.37326,Palatine_Tonsils
OTU_97.37326,Anterior_nares
OTU_97.37329,Anterior_nares
OTU_97.37335,Subgingival_plaque
OTU_97.37335,Supragingival_plaque
OTU_97.37335,Buccal_mucosa
OTU_97.37337,Throat
OTU_97.37337,Posterior_fornix
OTU_97.37337,Buccal_mucosa
OTU_97.37337,Tongue_dorsum
OTU_97.37353,Attached_Keratinized_gingiva
OTU_97.37353,Left_Retroauricular_crease
OTU_97.37360,Throat
OTU_97.37369,Hard_palate
OTU_97.3737,Tongue_dorsum
OTU_97.3737,Anterior_nares
OTU_97.37376,Palatine_Tonsils
OTU_97.37376,Anterior_nares
OTU_97.37383,Throat
OTU_97.37383,Posterior_fornix
OTU_97.37383,Hard_palate
OTU_97.37394,Attached_Keratinized_gingiva
OTU_97.37394,Palatine_Tonsils
OTU_97.37394,Tongue_dorsum
OTU_97.37397,Tongue_dorsum
OTU_97.37402,Right_Retroauricular_crease
OTU_97.37403,Posterior_fornix
OTU_97.37404,Subgingival_plaque
OTU_97.37405,Anterior_nares
OTU_97.37408,Subgingival_plaque
OTU_97.37408,Tongue_dorsum
OTU_97.37415,Hard_palate
OTU_97.37418,Subgingival_plaque
OTU_97.37433,Anterior_nares
OTU_97.37442,Attached_Keratinized_gingiva
OTU_97.37442,Anterior_nares
OTU_97.37446,Posterior_fornix
OTU_97.37446,Palatine_Tonsils
OTU_97.37446,Tongue_dorsum
OTU_97.37448,Subgingival_plaque
OTU_97.37448,Supragingival_plaque
OTU_97.37452,Right_Retroauricular_crease
OTU_97.37452,Anterior_nares
OTU_97.37456,Saliva
OTU_97.37456,Tongue_dorsum
OTU_97.37458,Throat
OTU_97.37460,Tongue_dorsum
OTU_97.37463,Subgingival_plaque
OTU_97.37463,Mid_vagina
OTU_97.37465,Supragingival_plaque
OTU_97.37465,Saliva
OTU_97.37465,Hard_palate
OTU_97.37475,Left_Retroauricular_crease
OTU_97.37482,Right_Retroauricular_crease
OTU_97.37489,Anterior_nares
OTU_97.3749,Palatine_Tonsils
OTU_97.37491,Hard_palate
OTU_97.37496,Anterior_nares
OTU_97.37497,Subgingival_plaque
OTU_97.37497,Right_Retroauricular_crease
OTU_97.37504,Mid_vagina
OTU_97.37509,Left_Retroauricular_crease
OTU_97.3751,Saliva
OTU_97.37512,Saliva
OTU_97.37514,Palatine_Tonsils
OTU_97.37514,Right_Retroauricular_crease
OTU_97.37517,Posterior_fornix
OTU_97.3752,Attached_Keratinized_gingiva
OTU_97.3752,Posterior_fornix
OTU_97.37523,Mid_vagina
OTU_97.37533,Hard_palate
OTU_97.37534,Buccal_mucosa
OTU_97.37534,Right_Retroauricular_crease
OTU_97.37537,Attached_Keratinized_gingiva
OTU_97.37537,Buccal_mucosa
OTU_97.37543,Right_Retroauricular_crease
OTU_97.37546,Mid_vagina
OTU_97.37552,Posterior_fornix
OTU_97.37552,Left_Retroauricular_crease
OTU_97.37553,Throat
OTU_97.37553,Hard_palate
OTU_97.37553,Left_Retroauricular_crease
OTU_97.37563,Throat
OTU_97.37563,Anterior_nares
OTU_97.37567,Left_Retroauricular_crease
OTU_97.3757,Mid_vagina
OTU_97.3757,Anterior_nares
OTU_97.37574,Right_Retroauricular_crease
OTU_97.37602,Subgingival_plaque
OTU_97.3761,Right_Retroauricular_crease
OTU_97.37612,Attached_Keratinized_gingiva
OTU_97.37612,Mid_vagina
OTU_97.37615,Mid_vagina
OTU_97.3762,Saliva
OTU_97.37621,Saliva
OTU_97.37621,Right_Retroauricular_crease
OTU_97.37622,Left_Retroauricular_crease
OTU_97.37622,Right_Retroauricular_crease
OTU_97.37639,Posterior_fornix
OTU_97.37639,Buccal_mucosa
OTU_97.37642,Palatine_Tonsils
OTU_97.37642,Tongue_dorsum
OTU_97.3765,Tongue_dorsum
OTU_97.37655,Mid_vagina
OTU_97.37657,Stool
OTU_97.37657,Posterior_fornix
OTU_97.37659,Throat
OTU_97.37659,Anterior_nares
OTU_97.37666,Supragingival_plaque
OTU_97.37668,Stool
OTU_97.37671,Tongue_dorsum
OTU_97.37672,Mid_vagina
OTU_97.37672,Buccal_mucosa
OTU_97.37672,Left_Retroauricular_crease
OTU_97.37674,Subgingival_plaque
OTU_97.37674,Attached_Keratinized_gingiva
OTU_97.37674,Right_Retroauricular_crease
OTU_97.37678,Throat
OTU_97.37678,Posterior_fornix
OTU_97.37678,Buccal_mucosa
OTU_97.37678,Anterior_nares
OTU_97.37679,Mid_vagina
OTU_97.37682,Subgingival_plaque
OTU_97.37682,Left_Retroauricular_crease
OTU_97.37685,Attached_Keratinized_gingiva
OTU_97.37685,Right_Retroauricular_crease
OTU_97.37686,Right_Retroauricular_crease
OTU_97.37689,Throat
OTU_97.37698,Saliva
OTU_97.37701,Left_Retroauricular_crease
OTU_97.37704,Stool
OTU_97.37704,Subgingival_plaque
OTU_97.37707,Stool
OTU_97.37707,Throat
OTU_97.37707,Posterior_fornix
OTU_97.37711,Tongue_dorsum
OTU_97.37712,Throat
OTU_97.37712,Saliva
OTU_97.37712,Tongue_dorsum
OTU_97.37712,Right_Retroauricular_crease
OTU_97.37714,Throat
OTU_97.37714,Tongue_dorsum
OTU_97.37715,Supragingival_plaque
OTU_97.37715,Tongue_dorsum
OTU_97.37716,Throat
OTU_97.37718,Throat
OTU_97.37721,Saliva
OTU_97.37729,Throat
OTU_97.37730,Attached_Keratinized_gingiva
OTU_97.37731,Mid_vagina
OTU_97.37734,Posterior_fornix
OTU_97.37734,Left_Retroauricular_crease
OTU_97.37741,Tongue_dorsum
OTU_97.37742,Stool
OTU_97.37742,Hard_palate
OTU_97.37743,Posterior_fornix
OTU_97.37743,Mid_vagina
OTU_97.37746,Stool
OTU_97.37748,Mid_vagina
OTU_97.3776,Stool
OTU_97.3776,Saliva
OTU_97.37760,Left_Retroauricular_crease
OTU_97.37761,Subgingival_plaque
OTU_97.37761,Buccal_mucosa
OTU_97.37764,Saliva
OTU_97.37764,Posterior_fornix
OTU_97.37764,Palatine_Tonsils
OTU_97.37765,Stool
OTU_97.37766,Attached_Keratinized_gingiva
OTU_97.37770,Palatine_Tonsils
OTU_97.37775,Stool
OTU_97.37776,Right_Retroauricular_crease
OTU_97.37777,Throat
OTU_97.37777,Palatine_Tonsils
OTU_97.37778,Throat
OTU_97.37778,Anterior_nares
OTU_97.37791,Attached_Keratinized_gingiva
OTU_97.37791,Saliva
OTU_97.37791,Right_Retroauricular_crease
OTU_97.37794,Hard_palate
OTU_97.378,Throat
OTU_97.378,Attached_Keratinized_gingiva
OTU_97.37802,Saliva
OTU_97.37814,Subgingival_plaque
OTU_97.37824,Mid_vagina
OTU_97.37830,Anterior_nares
OTU_97.37831,Saliva
OTU_97.37831,Posterior_fornix
OTU_97.37831,Buccal_mucosa
OTU_97.37831,Right_Retroauricular_crease
OTU_97.37841,Buccal_mucosa
OTU_97.37843,Palatine_Tonsils
OTU_97.37847,Stool
OTU_97.37847,Tongue_dorsum
OTU_97.37854,Subgingival_plaque
OTU_97.37854,Attached_Keratinized_gingiva
OTU_97.37854,Posterior_fornix
OTU_97.37854,Mid_vagina
OTU_97.37856,Palatine_Tonsils
OTU_97.37857,Buccal_mucosa
OTU_97.37857,Anterior_nares
OTU_97.37865,Supragingival_plaque
OTU_97.37865,Saliva
OTU_97.37865,Posterior_fornix
OTU_97.37867,Throat
OTU_97.37869,Posterior_fornix
OTU_97.37875,Palatine_Tonsils
OTU_97.37887,Throat
OTU_97.37887,Hard_palate
OTU_97.37887,Left_Retroauricular_crease
OTU_97.37894,Stool
OTU_97.37894,Subgingival_plaque
OTU_97.37901,Saliva
OTU_97.37901,Right_Retroauricular_crease
OTU_97.37903,Stool
OTU_97.37903,Attached_Keratinized_gingiva
OTU_97.37903,Palatine_Tonsils
OTU_97.37914,Attached_Keratinized_gingiva
OTU_97.37914,Saliva
OTU_97.37914,Hard_palate
OTU_97.37928,Hard_palate
OTU_97.37929,Supragingival_plaque
OTU_97.37932,Subgingival_plaque
OTU_97.37936,Tongue_dorsum
OTU_97.37938,Buccal_mucosa
OTU_97.37941,Throat
OTU_97.37941,Posterior_fornix
OTU_97.37952,Saliva
OTU_97.37952,Mid_vagina
OTU_97.37954,Left_Retroauricular_crease
OTU_97.37963,Attached_Keratinized_gingiva
OTU_97.37964,Left_Retroauricular_crease
OTU_97.37965,Supragingival_plaque
OTU_97.37966,Stool
OTU_97.37972,Mid_vagina
OTU_97.37973,Subgingival_plaque
OTU_97.37982,Subgingival_plaque
OTU_97.37989,Subgingival_plaque
OTU_97.37996,Left_Retroauricular_crease
OTU_97.37996,Anterior_nares
OTU_97.38,Left_Retroauricular_crease
OTU_97.38002,Mid_vagina
OTU_97.3802,Anterior_nares
OTU_97.38030,Supragingival_plaque
OTU_97.38030,Palatine_Tonsils
OTU_97.38034,Buccal_mucosa
OTU_97.38044,Supragingival_plaque
OTU_97.38045,Hard_palate
OTU_97.38052,Posterior_fornix
OTU_97.38055,Attached_Keratinized_gingiva
OTU_97.38055,Posterior_fornix
OTU_97.38055,Palatine_Tonsils
OTU_97.38056,Subgingival_plaque
OTU_97.38070,Right_Retroauricular_crease
OTU_97.38073,Attached_Keratinized_gingiva
OTU_97.38081,Anterior_nares
OTU_97.38085,Hard_palate
OTU_97.38086,Supragingival_plaque
OTU_97.38089,Tongue_dorsum
OTU_97.38091,Subgingival_plaque
OTU_97.38091,Attached_Keratinized_gingiva
OTU_97.38093,Stool
OTU_97.38097,Posterior_fornix
OTU_97.38097,Left_Retroauricular_crease
OTU_97.3810,Subgingival_plaque
OTU_97.38105,Mid_vagina
OTU_97.38106,Throat
OTU_97.38110,Tongue_dorsum
OTU_97.38112,Right_Retroauricular_crease
OTU_97.38113,Throat
OTU_97.38113,Supragingival_plaque
OTU_97.38118,Posterior_fornix
OTU_97.38120,Palatine_Tonsils
OTU_97.38125,Stool
OTU_97.38129,Saliva
OTU_97.38133,Stool
OTU_97.38144,Saliva
OTU_97.38148,Palatine_Tonsils
OTU_97.3815,Hard_palate
OTU_97.3815,Left_Retroauricular_crease
OTU_97.38155,Buccal_mucosa
OTU_97.38160,Tongue_dorsum
OTU_97.38162,Stool
OTU_97.38162,Attached_Keratinized_gingiva
OTU_97.38162,Mid_vagina
OTU_97.38162,Right_Retroauricular_crease
OTU_97.38165,Throat
OTU_97.38168,Saliva
OTU_97.38169,Stool
OTU_97.38169,Posterior_fornix
OTU_97.38176,Tongue_dorsum
OTU_97.38176,Anterior_nares
OTU_97.38180,Anterior_nares
OTU_97.38187,Left_Retroauricular_crease
OTU_97.38203,Throat
OTU_97.38205,Mid_vagina
OTU_97.38206,Throat
OTU_97.38206,Buccal_mucosa
OTU_97.38207,Palatine_Tonsils
OTU_97.38210,Saliva
OTU_97.38211,Supragingival_plaque
OTU_97.38211,Left_Retroauricular_crease
OTU_97.38219,Supragingival_plaque
OTU_97.38219,Right_Retroauricular_crease
OTU_97.38226,Tongue_dorsum
OTU_97.38226,Hard_palate
OTU_97.38228,Right_Retroauricular_crease
OTU_97.3823,Left_Retroauricular_crease
OTU_97.38230,Palatine_Tonsils
OTU_97.38234,Stool
OTU_97.38234,Palatine_Tonsils
OTU_97.38237,Subgingival_plaque
OTU_97.38237,Tongue_dorsum
OTU_97.38244,Supragingival_plaque
OTU_97.38248,Hard_palate
OTU_97.38248,Anterior_nares
OTU_97.38251,Attached_Keratinized_gingiva
OTU_97.38251,Anterior_nares
OTU_97.38253,Throat
OTU_97.38253,Anterior_nares
OTU_97.38255,Subgingival_plaque
OTU_97.38255,Palatine_Tonsils
OTU_97.38255,Tongue_dorsum
OTU_97.38256,Subgingival_plaque
OTU_97.38264,Mid_vagina
OTU_97.38265,Supragingival_plaque
OTU_97.38278,Supragingival_plaque
OTU_97.38278,Palatine_Tonsils
OTU_97.38278,Left_Retroauricular_crease
OTU_97.38279,Buccal_mucosa
OTU_97.38283,Left_Retroauricular_crease
OTU_97.38288,Palatine_Tonsils
OTU_97.38288,Tongue_dorsum
OTU_97.38288,Right_Retroauricular_crease
OTU_97.38294,Stool
OTU_97.38294,Mid_vagina
OTU_97.38301,Mid_vagina
OTU_97.38308,Attached_Keratinized_gingiva
OTU_97.38308,Buccal_mucosa
OTU_97.38309,Throat
OTU_97.38309,Anterior_nares
OTU_97.38313,Buccal_mucosa
OTU_97.38313,Tongue_dorsum
OTU_97.38317,Mid_vagina
OTU_97.38321,Tongue_dorsum
OTU_97.38321,Hard_palate
OTU_97.3833,Supragingival_plaque
OTU_97.3833,Tongue_dorsum
OTU_97.3833,Hard_palate
OTU_97.38332,Anterior_nares
OTU_97.38340,Attached_Keratinized_gingiva
OTU_97.38342,Attached_Keratinized_gingiva
OTU_97.38344,Attached_Keratinized_gingiva
OTU_97.38344,Tongue_dorsum
OTU_97.38349,Mid_vagina
OTU_97.38349,Tongue_dorsum
OTU_97.38352,Tongue_dorsum
OTU_97.38355,Buccal_mucosa
OTU_97.38359,Anterior_nares
OTU_97.38367,Throat
OTU_97.38367,Right_Retroauricular_crease
OTU_97.38368,Throat
OTU_97.38368,Hard_palate
OTU_97.38368,Anterior_nares
OTU_97.38373,Posterior_fornix
OTU_97.38374,Mid_vagina
OTU_97.38374,Tongue_dorsum
OTU_97.38374,Right_Retroauricular_crease
OTU_97.38380,Stool
OTU_97.38380,Subgingival_plaque
OTU_97.38380,Mid_vagina
OTU_97.38394,Posterior_fornix
OTU_97.38394,Mid_vagina
OTU_97.38394,Anterior_nares
OTU_97.38398,Posterior_fornix
OTU_97.38401,Supragingival_plaque
OTU_97.38401,Saliva
OTU_97.38409,Throat
OTU_97.38409,Tongue_dorsum
OTU_97.38412,Tongue_dorsum
OTU_97.38413,Subgingival_plaque
OTU_97.38424,Left_Retroauricular_crease
OTU_97.38425,Subgingival_plaque
OTU_97.38425,Posterior_fornix
OTU_97.38425,Mid_vagina
OTU_97.38425,Right_Retroauricular_crease
OTU_97.38427,Left_Retroauricular_crease
OTU_97.38428,Mid_vagina
OTU_97.38428,Buccal_mucosa
OTU_97.38429,Throat
OTU_97.38429,Attached_Keratinized_gingiva
OTU_97.38429,Posterior_fornix
OTU_97.38436,Saliva
OTU_97.38436,Left_Retroauricular_crease
OTU_97.38437,Right_Retroauricular_crease
OTU_97.38443,Left_Retroauricular_crease
OTU_97.38443,Right_Retroauricular_crease
OTU_97.38446,Anterior_nares
OTU_97.38448,Attached_Keratinized_gingiva
OTU_97.38448,Mid_vagina
OTU_97.38450,Mid_vagina
OTU_97.38450,Buccal_mucosa
OTU_97.38452,Buccal_mucosa
OTU_97.38452,Tongue_dorsum
OTU_97.38472,Posterior_fornix
OTU_97.38474,Attached_Keratinized_gingiva
OTU_97.38474,Buccal_mucosa
OTU_97.38494,Stool
OTU_97.38496,Subgingival_plaque
OTU_97.38501,Supragingival_plaque
OTU_97.38502,Posterior_fornix
OTU_97.38502,Tongue_dorsum
OTU_97.38504,Saliva
OTU_97.38504,Posterior_fornix
OTU_97.38521,Hard_palate
OTU_97.38530,Buccal_mucosa
OTU_97.38530,Palatine_Tonsils
OTU_97.38536,Stool
OTU_97.38537,Tongue_dorsum
OTU_97.38538,Supragingival_plaque
OTU_97.38538,Hard_palate
OTU_97.38543,Left_Retroauricular_crease
OTU_97.38545,Throat
OTU_97.38545,Supragingival_plaque
OTU_97.38545,Tongue_dorsum
OTU_97.38554,Posterior_fornix
OTU_97.38554,Anterior_nares
OTU_97.38562,Subgingival_plaque
OTU_97.38563,Posterior_fornix
OTU_97.38563,Buccal_mucosa
OTU_97.38563,Palatine_Tonsils
OTU_97.38564,Right_Retroauricular_crease
OTU_97.38565,Throat
OTU_97.38565,Subgingival_plaque
OTU_97.38577,Buccal_mucosa
OTU_97.38585,Buccal_mucosa
OTU_97.38585,Palatine_Tonsils
OTU_97.38585,Right_Retroauricular_crease
OTU_97.38590,Stool
OTU_97.38590,Posterior_fornix
OTU_97.38593,Throat
OTU_97.38593,Attached_Keratinized_gingiva
OTU_97.38594,Buccal_mucosa
OTU_97.38597,Supragingival_plaque
OTU_97.38597,Palatine_Tonsils
OTU_97.38600,Throat
OTU_97.38600,Tongue_dorsum
OTU_97.38600,Right_Retroauricular_crease
OTU_97.38604,Subgingival_plaque
OTU_97.38604,Tongue_dorsum
OTU_97.38609,Throat
OTU_97.38610,Subgingival_plaque
OTU_97.38610,Anterior_nares
OTU_97.38611,Attached_Keratinized_gingiva
OTU_97.38611,Saliva
OTU_97.38612,Throat
OTU_97.38628,Mid_vagina
OTU_97.3863,Throat
OTU_97.38635,Palatine_Tonsils
OTU_97.38639,Attached_Keratinized_gingiva
OTU_97.38639,Saliva
OTU_97.38645,Supragingival_plaque
OTU_97.38646,Stool
OTU_97.38646,Subgingival_plaque
OTU_97.38655,Mid_vagina
OTU_97.38655,Right_Retroauricular_crease
OTU_97.38664,Stool
OTU_97.3867,Mid_vagina
OTU_97.38671,Posterior_fornix
OTU_97.38671,Palatine_Tonsils
OTU_97.38672,Saliva
OTU_97.38672,Buccal_mucosa
OTU_97.38676,Subgingival_plaque
OTU_97.38676,Attached_Keratinized_gingiva
OTU_97.38676,Tongue_dorsum
OTU_97.38677,Posterior_fornix
OTU_97.38678,Subgingival_plaque
OTU_97.38678,Saliva
OTU_97.3868,Left_Retroauricular_crease
OTU_97.38681,Supragingival_plaque
OTU_97.38696,Throat
OTU_97.38696,Tongue_dorsum
OTU_97.38699,Buccal_mucosa
OTU_97.387,Mid_vagina
OTU_97.38700,Subgingival_plaque
OTU_97.38700,Left_Retroauricular_crease
OTU_97.38701,Posterior_fornix
OTU_97.38705,Tongue_dorsum
OTU_97.38705,Anterior_nares
OTU_97.38706,Subgingival_plaque
OTU_97.38706,Saliva
OTU_97.38706,Anterior_nares
OTU_97.38708,Supragingival_plaque
OTU_97.38711,Posterior_fornix
OTU_97.38711,Left_Retroauricular_crease
OTU_97.38712,Attached_Keratinized_gingiva
OTU_97.38712,Palatine_Tonsils
OTU_97.38712,Left_Retroauricular_crease
OTU_97.38724,Stool
OTU_97.38724,Left_Retroauricular_crease
OTU_97.38727,Anterior_nares
OTU_97.38730,Saliva
OTU_97.38731,Attached_Keratinized_gingiva
OTU_97.38731,Tongue_dorsum
OTU_97.38732,Subgingival_plaque
OTU_97.38733,Palatine_Tonsils
OTU_97.38737,Palatine_Tonsils
OTU_97.38748,Subgingival_plaque
OTU_97.3876,Supragingival_plaque
OTU_97.38762,Left_Retroauricular_crease
OTU_97.38762,Anterior_nares
OTU_97.38765,Attached_Keratinized_gingiva
OTU_97.38765,Hard_palate
OTU_97.38768,Tongue_dorsum
OTU_97.38768,Anterior_nares
OTU_97.38771,Palatine_Tonsils
OTU_97.38773,Left_Retroauricular_crease
OTU_97.38777,Stool
OTU_97.38777,Attached_Keratinized_gingiva
OTU_97.38777,Saliva
OTU_97.38777,Hard_palate
OTU_97.38791,Attached_Keratinized_gingiva
OTU_97.38794,Throat
OTU_97.38794,Supragingival_plaque
OTU_97.38794,Mid_vagina
OTU_97.38794,Anterior_nares
OTU_97.38796,Mid_vagina
OTU_97.38796,Palatine_Tonsils
OTU_97.38845,Mid_vagina
OTU_97.38845,Tongue_dorsum
OTU_97.38853,Supragingival_plaque
OTU_97.38858,Posterior_fornix
OTU_97.38860,Buccal_mucosa
OTU_97.38864,Throat
OTU_97.38864,Tongue_dorsum
OTU_97.38869,Subgingival_plaque
OTU_97.38870,Palatine_Tonsils
OTU_97.38873,Supragingival_plaque
OTU_97.38881,Stool
OTU_97.38883,Saliva
OTU_97.38883,Right_Retroauricular_crease
OTU_97.38888,Saliva
OTU_97.38891,Right_Retroauricular_crease
OTU_97.38894,Supragingival_plaque
OTU_97.38894,Buccal_mucosa
OTU_97.38895,Attached_Keratinized_gingiva
OTU_97.38895,Mid_vagina
OTU_97.38895,Right_Retroauricular_crease
OTU_97.38903,Tongue_dorsum
OTU_97.38908,Stool
OTU_97.38908,Mid_vagina
OTU_97.38917,Buccal_mucosa
OTU_97.38917,Left_Retroauricular_crease
OTU_97.38918,Saliva
OTU_97.38918,Hard_palate
OTU_97.38922,Tongue_dorsum
OTU_97.38933,Subgingival_plaque
OTU_97.38933,Attached_Keratinized_gingiva
OTU_97.38933,Saliva
OTU_97.38934,Palatine_Tonsils
OTU_97.38934,Anterior_nares
OTU_97.38935,Saliva
OTU_97.38935,Right_Retroauricular_crease
OTU_97.38938,Tongue_dorsum
OTU_97.3894,Buccal_mucosa
OTU_97.3894,Tongue_dorsum
OTU_97.38941,Mid_vagina
OTU_97.38943,Stool
OTU_97.38952,Palatine_Tonsils
OTU_97.38958,Stool
OTU_97.38958,Subgingival_plaque
OTU_97.38967,Buccal_mucosa
OTU_97.38969,Left_Retroauricular_crease
OTU_97.38988,Throat
OTU_97.38988,Right_Retroauricular_crease
OTU_97.38989,Mid_vagina
OTU_97.38989,Anterior_nares
OTU_97.38990,Supragingival_plaque
OTU_97.38990,Saliva
OTU_97.38993,Subgingival_plaque
OTU_97.38999,Throat
OTU_97.38999,Buccal_mucosa
OTU_97.39,Supragingival_plaque
OTU_97.39,Hard_palate
OTU_97.3900,Supragingival_plaque
OTU_97.39002,Anterior_nares
OTU_97.39007,Saliva
OTU_97.39007,Posterior_fornix
OTU_97.39009,Right_Retroauricular_crease
OTU_97.39013,Supragingival_plaque
OTU_97.39014,Supragingival_plaque
OTU_97.39014,Left_Retroauricular_crease
OTU_97.39014,Right_Retroauricular_crease
OTU_97.39022,Throat
OTU_97.39022,Mid_vagina
OTU_97.39025,Buccal_mucosa
OTU_97.39025,Left_Retroauricular_crease
OTU_97.39027,Supragingival_plaque
OTU_97.39027,Palatine_Tonsils
OTU_97.39032,Stool
OTU_97.39034,Stool
OTU_97.39040,Throat
OTU_97.39040,Hard_palate
OTU_97.39040,Left_Retroauricular_crease
OTU_97.39042,Attached_Keratinized_gingiva
OTU_97.39042,Saliva
OTU_97.39049,Stool
OTU_97.39051,Subgingival_plaque
OTU_97.39051,Posterior_fornix
OTU_97.39051,Anterior_nares
OTU_97.39057,Anterior_nares
OTU_97.39061,Stool
OTU_97.39061,Throat
OTU_97.39064,Palatine_Tonsils
OTU_97.39065,Throat
OTU_97.39066,Right_Retroauricular_crease
OTU_97.39068,Subgingival_plaque
OTU_97.39068,Hard_palate
OTU_97.39068,Left_Retroauricular_crease
OTU_97.39075,Throat
OTU_97.39076,Stool
OTU_97.39076,Supragingival_plaque
OTU_97.39076,Anterior_nares
OTU_97.39085,Left_Retroauricular_crease
OTU_97.3909,Anterior_nares
OTU_97.39091,Saliva
OTU_97.39092,Throat
OTU_97.39092,Subgingival_plaque
OTU_97.39092,Palatine_Tonsils
OTU_97.39096,Posterior_fornix
OTU_97.39096,Hard_palate
OTU_97.39115,Posterior_fornix
OTU_97.39126,Tongue_dorsum
OTU_97.39139,Attached_Keratinized_gingiva
OTU_97.39150,Tongue_dorsum
OTU_97.39150,Hard_palate
OTU_97.39159,Throat
OTU_97.39160,Stool
OTU_97.39164,Mid_vagina
OTU_97.39174,Stool
OTU_97.39174,Throat
OTU_97.39182,Supragingival_plaque
OTU_97.39182,Posterior_fornix
OTU_97.39188,Right_Retroauricular_crease
OTU_97.39189,Buccal_mucosa
OTU_97.39193,Subgingival_plaque
OTU_97.39198,Attached_Keratinized_gingiva
OTU_97.39209,Mid_vagina
OTU_97.39210,Throat
OTU_97.39210,Right_Retroauricular_crease
OTU_97.39213,Stool
OTU_97.39213,Tongue_dorsum
OTU_97.39214,Palatine_Tonsils
OTU_97.39216,Stool
OTU_97.39219,Hard_palate
OTU_97.39219,Anterior_nares
OTU_97.39222,Stool
OTU_97.39225,Throat
OTU_97.39225,Palatine_Tonsils
OTU_97.39236,Supragingival_plaque
OTU_97.39236,Posterior_fornix
OTU_97.39238,Left_Retroauricular_crease
OTU_97.39242,Mid_vagina
OTU_97.39245,Palatine_Tonsils
OTU_97.39246,Buccal_mucosa
OTU_97.39249,Supragingival_plaque
OTU_97.39249,Posterior_fornix
OTU_97.39249,Hard_palate
OTU_97.39253,Mid_vagina
OTU_97.39253,Palatine_Tonsils
OTU_97.39253,Anterior_nares
OTU_97.39263,Left_Retroauricular_crease
OTU_97.39279,Supragingival_plaque
OTU_97.39287,Left_Retroauricular_crease
OTU_97.39294,Palatine_Tonsils
OTU_97.3930,Right_Retroauricular_crease
OTU_97.39302,Right_Retroauricular_crease
OTU_97.39306,Throat
OTU_97.39307,Supragingival_plaque
OTU_97.39311,Attached_Keratinized_gingiva
OTU_97.39312,Subgingival_plaque
OTU_97.39319,Stool
OTU_97.39319,Saliva
OTU_97.3932,Right_Retroauricular_crease
OTU_97.39320,Saliva
OTU_97.39320,Right_Retroauricular_crease
OTU_97.39321,Throat
OTU_97.39321,Posterior_fornix
OTU_97.39338,Throat
OTU_97.39338,Buccal_mucosa
OTU_97.39338,Palatine_Tonsils
OTU_97.39342,Hard_palate
OTU_97.39343,Right_Retroauricular_crease
OTU_97.39346,Buccal_mucosa
OTU_97.39349,Palatine_Tonsils
OTU_97.39350,Palatine_Tonsils
OTU_97.39352,Stool
OTU_97.39353,Mid_vagina
OTU_97.39354,Saliva
OTU_97.39355,Subgingival_plaque
OTU_97.39355,Attached_Keratinized_gingiva
OTU_97.39355,Hard_palate
OTU_97.39355,Right_Retroauricular_crease
OTU_97.39356,Throat
OTU_97.3936,Saliva
OTU_97.3936,Anterior_nares
OTU_97.39360,Hard_palate
OTU_97.39361,Mid_vagina
OTU_97.39365,Buccal_mucosa
OTU_97.39365,Left_Retroauricular_crease
OTU_97.39366,Posterior_fornix
OTU_97.39371,Throat
OTU_97.39371,Saliva
OTU_97.39379,Tongue_dorsum
OTU_97.39384,Posterior_fornix
OTU_97.39396,Supragingival_plaque
OTU_97.39396,Saliva
OTU_97.39410,Stool
OTU_97.39410,Attached_Keratinized_gingiva
OTU_97.39410,Mid_vagina
OTU_97.39413,Attached_Keratinized_gingiva
OTU_97.39413,Tongue_dorsum
OTU_97.39414,Throat
OTU_97.39423,Attached_Keratinized_gingiva
OTU_97.39423,Anterior_nares
OTU_97.39432,Attached_Keratinized_gingiva
OTU_97.39439,Subgingival_plaque
OTU_97.3944,Supragingival_plaque
OTU_97.39443,Throat
OTU_97.39446,Mid_vagina
OTU_97.39446,Palatine_Tonsils
OTU_97.39446,Right_Retroauricular_crease
OTU_97.39446,Anterior_nares
OTU_97.39447,Hard_palate
OTU_97.39449,Posterior_fornix
OTU_97.39449,Tongue_dorsum
OTU_97.39449,Right_Retroauricular_crease
OTU_97.3945,Mid_vagina
OTU_97.39456,Left_Retroauricular_crease
OTU_97.39459,Hard_palate
OTU_97.39462,Posterior_fornix
OTU_97.39462,Left_Retroauricular_crease
OTU_97.39468,Stool
OTU_97.39468,Posterior_fornix
OTU_97.39470,Throat
OTU_97.39470,Hard_palate
OTU_97.39478,Saliva
OTU_97.39478,Tongue_dorsum
OTU_97.39482,Left_Retroauricular_crease
OTU_97.39485,Mid_vagina
OTU_97.39488,Stool
OTU_97.39488,Attached_Keratinized_gingiva
OTU_97.39489,Supragingival_plaque
OTU_97.39491,Attached_Keratinized_gingiva
OTU_97.39491,Saliva
OTU_97.39491,Posterior_fornix
OTU_97.39495,Throat
OTU_97.39497,Supragingival_plaque
OTU_97.39498,Posterior_fornix
OTU_97.39500,Hard_palate
OTU_97.39500,Right_Retroauricular_crease
OTU_97.39506,Stool
OTU_97.39506,Buccal_mucosa
OTU_97.39509,Palatine_Tonsils
OTU_97.39511,Subgingival_plaque
OTU_97.39522,Left_Retroauricular_crease
OTU_97.39525,Posterior_fornix
OTU_97.39525,Palatine_Tonsils
OTU_97.39528,Stool
OTU_97.39528,Subgingival_plaque
OTU_97.39532,Throat
OTU_97.39533,Subgingival_plaque
OTU_97.39535,Left_Retroauricular_crease
OTU_97.39543,Supragingival_plaque
OTU_97.39546,Palatine_Tonsils
OTU_97.39550,Hard_palate
OTU_97.39553,Palatine_Tonsils
OTU_97.39554,Palatine_Tonsils
OTU_97.39559,Mid_vagina
OTU_97.39563,Anterior_nares
OTU_97.39569,Mid_vagina
OTU_97.39569,Palatine_Tonsils
OTU_97.39570,Palatine_Tonsils
OTU_97.39575,Throat
OTU_97.39576,Right_Retroauricular_crease
OTU_97.39577,Supragingival_plaque
OTU_97.39577,Hard_palate
OTU_97.39578,Left_Retroauricular_crease
OTU_97.39579,Right_Retroauricular_crease
OTU_97.39584,Left_Retroauricular_crease
OTU_97.39585,Supragingival_plaque
OTU_97.39585,Attached_Keratinized_gingiva
OTU_97.39585,Left_Retroauricular_crease
OTU_97.39597,Subgingival_plaque
OTU_97.39598,Saliva
OTU_97.39601,Anterior_nares
OTU_97.39609,Posterior_fornix
OTU_97.39610,Tongue_dorsum
OTU_97.39613,Subgingival_plaque
OTU_97.39627,Tongue_dorsum
OTU_97.39628,Mid_vagina
OTU_97.39631,Palatine_Tonsils
OTU_97.39631,Hard_palate
OTU_97.39633,Attached_Keratinized_gingiva
OTU_97.39633,Saliva
OTU_97.39633,Anterior_nares
OTU_97.39637,Tongue_dorsum
OTU_97.39642,Supragingival_plaque
OTU_97.39642,Palatine_Tonsils
OTU_97.39644,Tongue_dorsum
OTU_97.39645,Subgingival_plaque
OTU_97.39645,Attached_Keratinized_gingiva
OTU_97.39647,Attached_Keratinized_gingiva
OTU_97.39647,Anterior_nares
OTU_97.39648,Left_Retroauricular_crease
OTU_97.39651,Stool
OTU_97.39653,Saliva
OTU_97.39653,Posterior_fornix
OTU_97.39655,Attached_Keratinized_gingiva
OTU_97.39655,Palatine_Tonsils
OTU_97.39659,Saliva
OTU_97.39659,Mid_vagina
OTU_97.39662,Stool
OTU_97.39667,Posterior_fornix
OTU_97.39667,Mid_vagina
OTU_97.39667,Buccal_mucosa
OTU_97.3967,Throat
OTU_97.3967,Palatine_Tonsils
OTU_97.39676,Subgingival_plaque
OTU_97.39676,Saliva
OTU_97.39676,Mid_vagina
OTU_97.39678,Mid_vagina
OTU_97.39678,Tongue_dorsum
OTU_97.39678,Hard_palate
OTU_97.39679,Saliva
OTU_97.39684,Supragingival_plaque
OTU_97.39684,Posterior_fornix
OTU_97.39685,Right_Retroauricular_crease
OTU_97.39690,Supragingival_plaque
OTU_97.39690,Posterior_fornix
OTU_97.39705,Subgingival_plaque
OTU_97.39705,Palatine_Tonsils
OTU_97.39705,Right_Retroauricular_crease
OTU_97.39718,Attached_Keratinized_gingiva
OTU_97.39718,Posterior_fornix
OTU_97.39718,Hard_palate
OTU_97.39719,Subgingival_plaque
OTU_97.39721,Throat
OTU_97.39721,Posterior_fornix
OTU_97.39727,Posterior_fornix
OTU_97.39727,Mid_vagina
OTU_97.39730,Attached_Keratinized_gingiva
OTU_97.39730,Tongue_dorsum
OTU_97.39733,Stool
OTU_97.39733,Palatine_Tonsils
OTU_97.39733,Right_Retroauricular_crease
OTU_97.39737,Stool
OTU_97.39737,Tongue_dorsum
OTU_97.39738,Right_Retroauricular_crease
OTU_97.39740,Saliva
OTU_97.39749,Attached_Keratinized_gingiva
OTU_97.39749,Saliva
OTU_97.39752,Subgingival_plaque
OTU_97.39752,Saliva
OTU_97.39756,Saliva
OTU_97.39762,Buccal_mucosa
OTU_97.39764,Buccal_mucosa
OTU_97.39764,Right_Retroauricular_crease
OTU_97.3977,Palatine_Tonsils
OTU_97.39772,Mid_vagina
OTU_97.39772,Palatine_Tonsils
OTU_97.39772,Tongue_dorsum
OTU_97.39774,Stool
OTU_97.39778,Right_Retroauricular_crease
OTU_97.39781,Throat
OTU_97.39781,Attached_Keratinized_gingiva
OTU_97.39781,Buccal_mucosa
OTU_97.39782,Supragingival_plaque
OTU_97.39787,Posterior_fornix
OTU_97.39787,Hard_palate
OTU_97.39787,Left_Retroauricular_crease
OTU_97.3979,Right_Retroauricular_crease
OTU_97.39791,Anterior_nares
OTU_97.39795,Supragingival_plaque
OTU_97.39796,Posterior_fornix
OTU_97.39796,Anterior_nares
OTU_97.39805,Stool
OTU_97.39805,Throat
OTU_97.39808,Hard_palate
OTU_97.39810,Supragingival_plaque
OTU_97.39810,Saliva
OTU_97.39819,Stool
OTU_97.39819,Tongue_dorsum
OTU_97.39824,Posterior_fornix
OTU_97.39827,Palatine_Tonsils
OTU_97.39840,Saliva
OTU_97.39841,Left_Retroauricular_crease
OTU_97.39842,Stool
OTU_97.39846,Subgingival_plaque
OTU_97.39846,Buccal_mucosa
OTU_97.39853,Hard_palate
OTU_97.39857,Supragingival_plaque
OTU_97.39857,Hard_palate
OTU_97.39858,Saliva
OTU_97.39863,Hard_palate
OTU_97.39863,Left_Retroauricular_crease
OTU_97.39865,Attached_Keratinized_gingiva
OTU_97.39865,Left_Retroauricular_crease
OTU_97.39871,Supragingival_plaque
OTU_97.39871,Buccal_mucosa
OTU_97.39882,Stool
OTU_97.39882,Saliva
OTU_97.39887,Throat
OTU_97.39894,Left_Retroauricular_crease
OTU_97.39899,Palatine_Tonsils
OTU_97.39900,Stool
OTU_97.39900,Subgingival_plaque
OTU_97.39904,Stool
OTU_97.39904,Throat
OTU_97.39904,Posterior_fornix
OTU_97.39913,Hard_palate
OTU_97.39915,Posterior_fornix
OTU_97.39918,Buccal_mucosa
OTU_97.39918,Tongue_dorsum
OTU_97.3993,Mid_vagina
OTU_97.39932,Stool
OTU_97.39933,Attached_Keratinized_gingiva
OTU_97.39945,Throat
OTU_97.39945,Mid_vagina
OTU_97.39949,Stool
OTU_97.39950,Saliva
OTU_97.39954,Hard_palate
OTU_97.39954,Anterior_nares
OTU_97.39958,Supragingival_plaque
OTU_97.39958,Mid_vagina
OTU_97.39958,Left_Retroauricular_crease
OTU_97.39964,Palatine_Tonsils
OTU_97.39964,Tongue_dorsum
OTU_97.3997,Supragingival_plaque
OTU_97.3997,Palatine_Tonsils
OTU_97.39970,Saliva
OTU_97.39974,Stool
OTU_97.39974,Throat
OTU_97.39974,Supragingival_plaque
OTU_97.39974,Mid_vagina
OTU_97.39978,Subgingival_plaque
OTU_97.39983,Left_Retroauricular_crease
OTU_97.39983,Right_Retroauricular_crease
OTU_97.39989,Left_Retroauricular_crease
OTU_97.39989,Right_Retroauricular_crease
OTU_97.39990,Supragingival_plaque
OTU_97.39997,Throat
OTU_97.39997,Posterior_fornix
OTU_97.39998,Saliva
OTU_97.40,Attached_Keratinized_gingiva
OTU_97.400,Saliva
OTU_97.4000,Throat
OTU_97.4000,Saliva
OTU_97.40003,Saliva
OTU_97.40004,Buccal_mucosa
OTU_97.40005,Supragingival_plaque
OTU_97.40005,Tongue_dorsum
OTU_97.40011,Posterior_fornix
OTU_97.40022,Throat
OTU_97.40022,Right_Retroauricular_crease
OTU_97.40025,Stool
OTU_97.40026,Supragingival_plaque
OTU_97.40031,Buccal_mucosa
OTU_97.40031,Right_Retroauricular_crease
OTU_97.40035,Anterior_nares
OTU_97.40039,Attached_Keratinized_gingiva
OTU_97.40039,Tongue_dorsum
OTU_97.40041,Subgingival_plaque
OTU_97.40041,Right_Retroauricular_crease
OTU_97.40042,Buccal_mucosa
OTU_97.40053,Throat
OTU_97.40053,Subgingival_plaque
OTU_97.40053,Saliva
OTU_97.40053,Posterior_fornix
OTU_97.40055,Throat
OTU_97.40055,Subgingival_plaque
OTU_97.40056,Mid_vagina
OTU_97.40059,Left_Retroauricular_crease
OTU_97.40062,Throat
OTU_97.40062,Palatine_Tonsils
OTU_97.40067,Stool
OTU_97.40067,Posterior_fornix
OTU_97.40069,Anterior_nares
OTU_97.40083,Attached_Keratinized_gingiva
OTU_97.40083,Hard_palate
OTU_97.40091,Supragingival_plaque
OTU_97.40092,Supragingival_plaque
OTU_97.40095,Stool
OTU_97.40095,Mid_vagina
OTU_97.40097,Posterior_fornix
OTU_97.40104,Tongue_dorsum
OTU_97.40104,Left_Retroauricular_crease
OTU_97.40107,Posterior_fornix
OTU_97.40107,Anterior_nares
OTU_97.40108,Attached_Keratinized_gingiva
OTU_97.40114,Subgingival_plaque
OTU_97.40116,Supragingival_plaque
OTU_97.40117,Supragingival_plaque
OTU_97.40117,Hard_palate
OTU_97.40119,Saliva
OTU_97.40119,Buccal_mucosa
OTU_97.4012,Palatine_Tonsils
OTU_97.40125,Posterior_fornix
OTU_97.40125,Buccal_mucosa
OTU_97.40126,Subgingival_plaque
OTU_97.40126,Palatine_Tonsils
OTU_97.40130,Buccal_mucosa
OTU_97.40136,Hard_palate
OTU_97.40136,Right_Retroauricular_crease
OTU_97.40139,Stool
OTU_97.40139,Saliva
OTU_97.40146,Subgingival_plaque
OTU_97.40146,Anterior_nares
OTU_97.40150,Supragingival_plaque
OTU_97.40150,Mid_vagina
OTU_97.40159,Right_Retroauricular_crease
OTU_97.40164,Supragingival_plaque
OTU_97.40164,Mid_vagina
OTU_97.40166,Mid_vagina
OTU_97.40168,Posterior_fornix
OTU_97.40168,Anterior_nares
OTU_97.40171,Left_Retroauricular_crease
OTU_97.40176,Attached_Keratinized_gingiva
OTU_97.40179,Anterior_nares
OTU_97.4018,Right_Retroauricular_crease
OTU_97.40182,Left_Retroauricular_crease
OTU_97.40190,Hard_palate
OTU_97.40190,Right_Retroauricular_crease
OTU_97.40191,Posterior_fornix
OTU_97.40196,Stool
OTU_97.40196,Hard_palate
OTU_97.40204,Supragingival_plaque
OTU_97.40204,Posterior_fornix
OTU_97.4021,Posterior_fornix
OTU_97.40220,Attached_Keratinized_gingiva
OTU_97.40220,Hard_palate
OTU_97.40223,Stool
OTU_97.40223,Hard_palate
OTU_97.40223,Right_Retroauricular_crease
OTU_97.40225,Hard_palate
OTU_97.40226,Mid_vagina
OTU_97.40226,Right_Retroauricular_crease
OTU_97.40228,Posterior_fornix
OTU_97.4023,Palatine_Tonsils
OTU_97.40239,Right_Retroauricular_crease
OTU_97.40244,Saliva
OTU_97.40251,Left_Retroauricular_crease
OTU_97.40252,Stool
OTU_97.40252,Mid_vagina
OTU_97.40252,Right_Retroauricular_crease
OTU_97.40255,Stool
OTU_97.40257,Mid_vagina
OTU_97.40257,Anterior_nares
OTU_97.40258,Posterior_fornix
OTU_97.40261,Buccal_mucosa
OTU_97.40265,Tongue_dorsum
OTU_97.40265,Left_Retroauricular_crease
OTU_97.40271,Left_Retroauricular_crease
OTU_97.40273,Subgingival_plaque
OTU_97.40273,Left_Retroauricular_crease
OTU_97.40275,Tongue_dorsum
OTU_97.40275,Anterior_nares
OTU_97.40277,Saliva
OTU_97.40277,Buccal_mucosa
OTU_97.40281,Buccal_mucosa
OTU_97.40283,Throat
OTU_97.40283,Mid_vagina
OTU_97.40286,Stool
OTU_97.40286,Supragingival_plaque
OTU_97.40286,Mid_vagina
OTU_97.40286,Buccal_mucosa
OTU_97.40288,Tongue_dorsum
OTU_97.40297,Posterior_fornix
OTU_97.40299,Saliva
OTU_97.40299,Mid_vagina
OTU_97.40305,Tongue_dorsum
OTU_97.40305,Hard_palate
OTU_97.40307,Palatine_Tonsils
OTU_97.40308,Throat
OTU_97.40312,Mid_vagina
OTU_97.40314,Supragingival_plaque
OTU_97.40319,Attached_Keratinized_gingiva
OTU_97.40319,Saliva
OTU_97.40325,Saliva
OTU_97.40325,Tongue_dorsum
OTU_97.40326,Palatine_Tonsils
OTU_97.40328,Supragingival_plaque
OTU_97.40328,Attached_Keratinized_gingiva
OTU_97.40328,Mid_vagina
OTU_97.40328,Hard_palate
OTU_97.40329,Subgingival_plaque
OTU_97.40329,Left_Retroauricular_crease
OTU_97.40331,Subgingival_plaque
OTU_97.40331,Hard_palate
OTU_97.40334,Subgingival_plaque
OTU_97.40334,Attached_Keratinized_gingiva
OTU_97.40334,Anterior_nares
OTU_97.40335,Subgingival_plaque
OTU_97.40335,Attached_Keratinized_gingiva
OTU_97.40339,Supragingival_plaque
OTU_97.40339,Tongue_dorsum
OTU_97.40353,Hard_palate
OTU_97.40359,Throat
OTU_97.40359,Subgingival_plaque
OTU_97.40359,Right_Retroauricular_crease
OTU_97.40367,Mid_vagina
OTU_97.40372,Stool
OTU_97.40372,Saliva
OTU_97.40372,Palatine_Tonsils
OTU_97.40375,Subgingival_plaque
OTU_97.40376,Hard_palate
OTU_97.40376,Anterior_nares
OTU_97.4038,Posterior_fornix
OTU_97.40385,Supragingival_plaque
OTU_97.40385,Buccal_mucosa
OTU_97.40395,Tongue_dorsum
OTU_97.40398,Palatine_Tonsils
OTU_97.40398,Left_Retroauricular_crease
OTU_97.40400,Posterior_fornix
OTU_97.40405,Attached_Keratinized_gingiva
OTU_97.40415,Throat
OTU_97.40431,Attached_Keratinized_gingiva
OTU_97.40431,Hard_palate
OTU_97.40431,Left_Retroauricular_crease
OTU_97.40433,Tongue_dorsum
OTU_97.40434,Subgingival_plaque
OTU_97.40437,Attached_Keratinized_gingiva
OTU_97.40437,Hard_palate
OTU_97.40437,Anterior_nares
OTU_97.40438,Throat
OTU_97.40438,Saliva
OTU_97.40438,Buccal_mucosa
OTU_97.40438,Hard_palate
OTU_97.40443,Right_Retroauricular_crease
OTU_97.40448,Tongue_dorsum
OTU_97.40448,Anterior_nares
OTU_97.40451,Left_Retroauricular_crease
OTU_97.40453,Right_Retroauricular_crease
OTU_97.40457,Subgingival_plaque
OTU_97.40458,Saliva
OTU_97.4046,Posterior_fornix
OTU_97.4046,Hard_palate
OTU_97.40461,Anterior_nares
OTU_97.40463,Supragingival_plaque
OTU_97.40464,Throat
OTU_97.40465,Left_Retroauricular_crease
OTU_97.40468,Supragingival_plaque
OTU_97.40468,Palatine_Tonsils
OTU_97.40470,Throat
OTU_97.40471,Attached_Keratinized_gingiva
OTU_97.40481,Posterior_fornix
OTU_97.40481,Hard_palate
OTU_97.40488,Posterior_fornix
OTU_97.40494,Attached_Keratinized_gingiva
OTU_97.40496,Right_Retroauricular_crease
OTU_97.40498,Stool
OTU_97.40498,Right_Retroauricular_crease
OTU_97.40505,Palatine_Tonsils
OTU_97.40506,Supragingival_plaque
OTU_97.40512,Attached_Keratinized_gingiva
OTU_97.40514,Mid_vagina
OTU_97.40520,Buccal_mucosa
OTU_97.40520,Left_Retroauricular_crease
OTU_97.40523,Supragingival_plaque
OTU_97.40523,Left_Retroauricular_crease
OTU_97.40523,Anterior_nares
OTU_97.40524,Attached_Keratinized_gingiva
OTU_97.40528,Tongue_dorsum
OTU_97.40529,Hard_palate
OTU_97.40529,Left_Retroauricular_crease
OTU_97.40530,Anterior_nares
OTU_97.40532,Subgingival_plaque
OTU_97.40536,Hard_palate
OTU_97.40537,Anterior_nares
OTU_97.40539,Stool
OTU_97.40548,Saliva
OTU_97.40549,Posterior_fornix
OTU_97.40549,Buccal_mucosa
OTU_97.40550,Anterior_nares
OTU_97.40551,Buccal_mucosa
OTU_97.40553,Posterior_fornix
OTU_97.40554,Saliva
OTU_97.40554,Right_Retroauricular_crease
OTU_97.40559,Buccal_mucosa
OTU_97.40559,Right_Retroauricular_crease
OTU_97.40560,Posterior_fornix
OTU_97.40570,Throat
OTU_97.40571,Hard_palate
OTU_97.40576,Supragingival_plaque
OTU_97.40576,Posterior_fornix
OTU_97.40583,Posterior_fornix
OTU_97.40590,Stool
OTU_97.40590,Saliva
OTU_97.40591,Posterior_fornix
OTU_97.40591,Buccal_mucosa
OTU_97.40593,Throat
OTU_97.40593,Attached_Keratinized_gingiva
OTU_97.40594,Attached_Keratinized_gingiva
OTU_97.40598,Attached_Keratinized_gingiva
OTU_97.40598,Mid_vagina
OTU_97.40598,Palatine_Tonsils
OTU_97.40598,Hard_palate
OTU_97.40598,Anterior_nares
OTU_97.4060,Right_Retroauricular_crease
OTU_97.40605,Subgingival_plaque
OTU_97.40607,Palatine_Tonsils
OTU_97.4061,Right_Retroauricular_crease
OTU_97.40610,Hard_palate
OTU_97.40610,Anterior_nares
OTU_97.40617,Posterior_fornix
OTU_97.40617,Hard_palate
OTU_97.40621,Saliva
OTU_97.40622,Saliva
OTU_97.40622,Left_Retroauricular_crease
OTU_97.40624,Throat
OTU_97.40624,Buccal_mucosa
OTU_97.40624,Anterior_nares
OTU_97.40625,Stool
OTU_97.40625,Posterior_fornix
OTU_97.40625,Buccal_mucosa
OTU_97.40629,Tongue_dorsum
OTU_97.40629,Right_Retroauricular_crease
OTU_97.40633,Right_Retroauricular_crease
OTU_97.40634,Posterior_fornix
OTU_97.40635,Stool
OTU_97.40641,Supragingival_plaque
OTU_97.40641,Posterior_fornix
OTU_97.40642,Supragingival_plaque
OTU_97.40645,Attached_Keratinized_gingiva
OTU_97.40646,Throat
OTU_97.40646,Subgingival_plaque
OTU_97.40647,Palatine_Tonsils
OTU_97.40648,Attached_Keratinized_gingiva
OTU_97.40648,Right_Retroauricular_crease
OTU_97.40650,Saliva
OTU_97.40651,Subgingival_plaque
OTU_97.40651,Mid_vagina
OTU_97.40652,Supragingival_plaque
OTU_97.40653,Stool
OTU_97.40653,Mid_vagina
OTU_97.40658,Buccal_mucosa
OTU_97.40658,Right_Retroauricular_crease
OTU_97.40665,Posterior_fornix
OTU_97.40665,Tongue_dorsum
OTU_97.40666,Attached_Keratinized_gingiva
OTU_97.40666,Left_Retroauricular_crease
OTU_97.40672,Buccal_mucosa
OTU_97.40676,Supragingival_plaque
OTU_97.40676,Palatine_Tonsils
OTU_97.40679,Mid_vagina
OTU_97.40681,Throat
OTU_97.40685,Attached_Keratinized_gingiva
OTU_97.40695,Palatine_Tonsils
OTU_97.40699,Left_Retroauricular_crease
OTU_97.40702,Posterior_fornix
OTU_97.40702,Palatine_Tonsils
OTU_97.40705,Throat
OTU_97.40705,Saliva
OTU_97.40706,Saliva
OTU_97.40708,Subgingival_plaque
OTU_97.40708,Palatine_Tonsils
OTU_97.40709,Stool
OTU_97.40709,Throat
OTU_97.40709,Palatine_Tonsils
OTU_97.40710,Stool
OTU_97.40711,Saliva
OTU_97.40711,Tongue_dorsum
OTU_97.40712,Right_Retroauricular_crease
OTU_97.40715,Anterior_nares
OTU_97.40717,Saliva
OTU_97.40718,Buccal_mucosa
OTU_97.40718,Palatine_Tonsils
OTU_97.4072,Buccal_mucosa
OTU_97.4072,Right_Retroauricular_crease
OTU_97.40720,Buccal_mucosa
OTU_97.40720,Anterior_nares
OTU_97.40723,Left_Retroauricular_crease
OTU_97.40723,Right_Retroauricular_crease
OTU_97.40724,Anterior_nares
OTU_97.40726,Throat
OTU_97.40728,Tongue_dorsum
OTU_97.40729,Left_Retroauricular_crease
OTU_97.40730,Stool
OTU_97.40730,Attached_Keratinized_gingiva
OTU_97.40734,Mid_vagina
OTU_97.40734,Palatine_Tonsils
OTU_97.40734,Right_Retroauricular_crease
OTU_97.40740,Palatine_Tonsils
OTU_97.40742,Palatine_Tonsils
OTU_97.40742,Right_Retroauricular_crease
OTU_97.40748,Stool
OTU_97.40748,Saliva
OTU_97.40748,Posterior_fornix
OTU_97.40748,Mid_vagina
OTU_97.4075,Subgingival_plaque
OTU_97.40758,Hard_palate
OTU_97.40760,Attached_Keratinized_gingiva
OTU_97.40764,Palatine_Tonsils
OTU_97.40764,Anterior_nares
OTU_97.40766,Right_Retroauricular_crease
OTU_97.4077,Anterior_nares
OTU_97.40778,Tongue_dorsum
OTU_97.40778,Anterior_nares
OTU_97.40784,Anterior_nares
OTU_97.40788,Left_Retroauricular_crease
OTU_97.40790,Supragingival_plaque
OTU_97.40792,Subgingival_plaque
OTU_97.40792,Mid_vagina
OTU_97.40793,Attached_Keratinized_gingiva
OTU_97.40793,Posterior_fornix
OTU_97.40793,Palatine_Tonsils
OTU_97.40796,Saliva
OTU_97.40799,Hard_palate
OTU_97.40800,Palatine_Tonsils
OTU_97.40800,Tongue_dorsum
OTU_97.40805,Tongue_dorsum
OTU_97.40808,Subgingival_plaque
OTU_97.40808,Anterior_nares
OTU_97.4081,Attached_Keratinized_gingiva
OTU_97.40811,Posterior_fornix
OTU_97.40812,Attached_Keratinized_gingiva
OTU_97.40812,Hard_palate
OTU_97.40813,Tongue_dorsum
OTU_97.40814,Hard_palate
OTU_97.40814,Right_Retroauricular_crease
OTU_97.40815,Saliva
OTU_97.40823,Hard_palate
OTU_97.40825,Left_Retroauricular_crease
OTU_97.40825,Right_Retroauricular_crease
OTU_97.40835,Supragingival_plaque
OTU_97.40838,Anterior_nares
OTU_97.40845,Hard_palate
OTU_97.40854,Stool
OTU_97.40854,Throat
OTU_97.40854,Palatine_Tonsils
OTU_97.40854,Tongue_dorsum
OTU_97.40855,Subgingival_plaque
OTU_97.40859,Posterior_fornix
OTU_97.40859,Left_Retroauricular_crease
OTU_97.40861,Attached_Keratinized_gingiva
OTU_97.40861,Buccal_mucosa
OTU_97.40871,Attached_Keratinized_gingiva
OTU_97.4088,Anterior_nares
OTU_97.40888,Mid_vagina
OTU_97.40888,Hard_palate
OTU_97.40892,Attached_Keratinized_gingiva
OTU_97.40892,Posterior_fornix
OTU_97.40897,Stool
OTU_97.40897,Buccal_mucosa
OTU_97.40899,Mid_vagina
OTU_97.40899,Palatine_Tonsils
OTU_97.40899,Left_Retroauricular_crease
OTU_97.40903,Palatine_Tonsils
OTU_97.40903,Right_Retroauricular_crease
OTU_97.40917,Attached_Keratinized_gingiva
OTU_97.40922,Throat
OTU_97.40923,Saliva
OTU_97.40925,Tongue_dorsum
OTU_97.40927,Buccal_mucosa
OTU_97.40927,Tongue_dorsum
OTU_97.40928,Subgingival_plaque
OTU_97.40928,Mid_vagina
OTU_97.4093,Supragingival_plaque
OTU_97.4093,Tongue_dorsum
OTU_97.4093,Right_Retroauricular_crease
OTU_97.40932,Hard_palate
OTU_97.40932,Left_Retroauricular_crease
OTU_97.40932,Right_Retroauricular_crease
OTU_97.40943,Saliva
OTU_97.40943,Anterior_nares
OTU_97.40951,Saliva
OTU_97.40951,Left_Retroauricular_crease
OTU_97.40952,Right_Retroauricular_crease
OTU_97.40952,Anterior_nares
OTU_97.40957,Right_Retroauricular_crease
OTU_97.40959,Subgingival_plaque
OTU_97.40959,Supragingival_plaque
OTU_97.40962,Subgingival_plaque
OTU_97.40962,Attached_Keratinized_gingiva
OTU_97.40963,Buccal_mucosa
OTU_97.40963,Palatine_Tonsils
OTU_97.40965,Buccal_mucosa
OTU_97.40971,Subgingival_plaque
OTU_97.40971,Buccal_mucosa
OTU_97.40978,Throat
OTU_97.40978,Tongue_dorsum
OTU_97.40980,Saliva
OTU_97.40980,Right_Retroauricular_crease
OTU_97.40986,Throat
OTU_97.40986,Right_Retroauricular_crease
OTU_97.40989,Palatine_Tonsils
OTU_97.40991,Posterior_fornix
OTU_97.40991,Mid_vagina
OTU_97.40996,Tongue_dorsum
OTU_97.40998,Supragingival_plaque
OTU_97.40998,Hard_palate
OTU_97.41,Right_Retroauricular_crease
OTU_97.41001,Stool
OTU_97.41005,Hard_palate
OTU_97.41010,Palatine_Tonsils
OTU_97.41016,Stool
OTU_97.41016,Attached_Keratinized_gingiva
OTU_97.4102,Supragingival_plaque
OTU_97.4102,Buccal_mucosa
OTU_97.4102,Hard_palate
OTU_97.41021,Tongue_dorsum
OTU_97.41027,Supragingival_plaque
OTU_97.41028,Throat
OTU_97.41028,Anterior_nares
OTU_97.4103,Posterior_fornix
OTU_97.4103,Right_Retroauricular_crease
OTU_97.41032,Left_Retroauricular_crease
OTU_97.41033,Subgingival_plaque
OTU_97.41033,Mid_vagina
OTU_97.41034,Stool
OTU_97.41043,Tongue_dorsum
OTU_97.41051,Supragingival_plaque
OTU_97.41058,Saliva
OTU_97.41065,Supragingival_plaque
OTU_97.41065,Right_Retroauricular_crease
OTU_97.41071,Palatine_Tonsils
OTU_97.41078,Stool
OTU_97.41078,Right_Retroauricular_crease
OTU_97.41084,Subgingival_plaque
OTU_97.41084,Posterior_fornix
OTU_97.41094,Posterior_fornix
OTU_97.41094,Palatine_Tonsils
OTU_97.41094,Tongue_dorsum
OTU_97.41094,Anterior_nares
OTU_97.41102,Subgingival_plaque
OTU_97.41102,Mid_vagina
OTU_97.41102,Anterior_nares
OTU_97.41103,Anterior_nares
OTU_97.41107,Attached_Keratinized_gingiva
OTU_97.41109,Mid_vagina
OTU_97.41109,Palatine_Tonsils
OTU_97.41109,Hard_palate
OTU_97.41117,Saliva
OTU_97.41117,Right_Retroauricular_crease
OTU_97.41119,Subgingival_plaque
OTU_97.41119,Attached_Keratinized_gingiva
OTU_97.41123,Tongue_dorsum
OTU_97.41123,Right_Retroauricular_crease
OTU_97.41123,Anterior_nares
OTU_97.41127,Palatine_Tonsils
OTU_97.41128,Left_Retroauricular_crease
OTU_97.41137,Throat
OTU_97.41140,Anterior_nares
OTU_97.41148,Right_Retroauricular_crease
OTU_97.41151,Supragingival_plaque
OTU_97.41151,Anterior_nares
OTU_97.41166,Supragingival_plaque
OTU_97.41166,Tongue_dorsum
OTU_97.41166,Anterior_nares
OTU_97.41178,Buccal_mucosa
OTU_97.41189,Right_Retroauricular_crease
OTU_97.41191,Throat
OTU_97.41191,Anterior_nares
OTU_97.41199,Attached_Keratinized_gingiva
OTU_97.41199,Posterior_fornix
OTU_97.41200,Saliva
OTU_97.41200,Posterior_fornix
OTU_97.41200,Left_Retroauricular_crease
OTU_97.41202,Hard_palate
OTU_97.41224,Throat
OTU_97.41224,Saliva
OTU_97.41224,Palatine_Tonsils
OTU_97.41230,Supragingival_plaque
OTU_97.41238,Mid_vagina
OTU_97.41238,Anterior_nares
OTU_97.41241,Right_Retroauricular_crease
OTU_97.41252,Mid_vagina
OTU_97.41252,Tongue_dorsum
OTU_97.41252,Hard_palate
OTU_97.41258,Attached_Keratinized_gingiva
OTU_97.41258,Hard_palate
OTU_97.41259,Buccal_mucosa
OTU_97.41259,Palatine_Tonsils
OTU_97.41261,Hard_palate
OTU_97.41268,Throat
OTU_97.4127,Throat
OTU_97.4127,Buccal_mucosa
OTU_97.41276,Throat
OTU_97.41279,Hard_palate
OTU_97.4128,Right_Retroauricular_crease
OTU_97.41287,Stool
OTU_97.41287,Attached_Keratinized_gingiva
OTU_97.41293,Attached_Keratinized_gingiva
OTU_97.41293,Anterior_nares
OTU_97.41295,Right_Retroauricular_crease
OTU_97.413,Saliva
OTU_97.413,Right_Retroauricular_crease
OTU_97.41305,Anterior_nares
OTU_97.41311,Attached_Keratinized_gingiva
OTU_97.41312,Attached_Keratinized_gingiva
OTU_97.41319,Posterior_fornix
OTU_97.41323,Throat
OTU_97.41323,Mid_vagina
OTU_97.41328,Attached_Keratinized_gingiva
OTU_97.41333,Hard_palate
OTU_97.41335,Left_Retroauricular_crease
OTU_97.41352,Supragingival_plaque
OTU_97.41354,Mid_vagina
OTU_97.41356,Attached_Keratinized_gingiva
OTU_97.41358,Supragingival_plaque
OTU_97.41358,Tongue_dorsum
OTU_97.41358,Anterior_nares
OTU_97.41363,Anterior_nares
OTU_97.41367,Throat
OTU_97.41367,Saliva
OTU_97.41369,Buccal_mucosa
OTU_97.41369,Tongue_dorsum
OTU_97.41372,Subgingival_plaque
OTU_97.41372,Hard_palate
OTU_97.41378,Palatine_Tonsils
OTU_97.41382,Mid_vagina
OTU_97.41382,Hard_palate
OTU_97.41384,Mid_vagina
OTU_97.41384,Palatine_Tonsils
OTU_97.41390,Supragingival_plaque
OTU_97.41394,Stool
OTU_97.41394,Anterior_nares
OTU_97.41395,Attached_Keratinized_gingiva
OTU_97.41398,Throat
OTU_97.41398,Hard_palate
OTU_97.41400,Stool
OTU_97.41400,Subgingival_plaque
OTU_97.41400,Attached_Keratinized_gingiva
OTU_97.41408,Hard_palate
OTU_97.41408,Left_Retroauricular_crease
OTU_97.41418,Hard_palate
OTU_97.41422,Right_Retroauricular_crease
OTU_97.41424,Buccal_mucosa
OTU_97.41425,Throat
OTU_97.41426,Posterior_fornix
OTU_97.41426,Buccal_mucosa
OTU_97.41429,Buccal_mucosa
OTU_97.41431,Stool
OTU_97.41431,Saliva
OTU_97.41431,Posterior_fornix
OTU_97.41431,Right_Retroauricular_crease
OTU_97.41433,Stool
OTU_97.41433,Attached_Keratinized_gingiva
OTU_97.41436,Subgingival_plaque
OTU_97.41441,Stool
OTU_97.41441,Mid_vagina
OTU_97.41442,Supragingival_plaque
OTU_97.41449,Attached_Keratinized_gingiva
OTU_97.41449,Buccal_mucosa
OTU_97.41451,Posterior_fornix
OTU_97.41453,Posterior_fornix
OTU_97.41454,Stool
OTU_97.41454,Throat
OTU_97.41455,Tongue_dorsum
OTU_97.41456,Palatine_Tonsils
OTU_97.41456,Hard_palate
OTU_97.41462,Mid_vagina
OTU_97.41462,Buccal_mucosa
OTU_97.41467,Right_Retroauricular_crease
OTU_97.41468,Right_Retroauricular_crease
OTU_97.41469,Stool
OTU_97.41469,Hard_palate
OTU_97.41470,Left_Retroauricular_crease
OTU_97.41473,Buccal_mucosa
OTU_97.41479,Right_Retroauricular_crease
OTU_97.41482,Left_Retroauricular_crease
OTU_97.41482,Right_Retroauricular_crease
OTU_97.41489,Palatine_Tonsils
OTU_97.41490,Stool
OTU_97.41495,Supragingival_plaque
OTU_97.41497,Subgingival_plaque
OTU_97.41497,Mid_vagina
OTU_97.41497,Anterior_nares
OTU_97.41498,Throat
OTU_97.41499,Attached_Keratinized_gingiva
OTU_97.41499,Mid_vagina
OTU_97.41503,Throat
OTU_97.41503,Subgingival_plaque
OTU_97.41503,Saliva
OTU_97.41503,Anterior_nares
OTU_97.41506,Subgingival_plaque
OTU_97.41506,Posterior_fornix
OTU_97.4151,Buccal_mucosa
OTU_97.41517,Saliva
OTU_97.41520,Throat
OTU_97.41520,Saliva
OTU_97.41521,Throat
OTU_97.41521,Subgingival_plaque
OTU_97.41521,Anterior_nares
OTU_97.41524,Anterior_nares
OTU_97.41527,Mid_vagina
OTU_97.41527,Right_Retroauricular_crease
OTU_97.41538,Supragingival_plaque
OTU_97.41538,Buccal_mucosa
OTU_97.41539,Supragingival_plaque
OTU_97.41539,Tongue_dorsum
OTU_97.41544,Saliva
OTU_97.41548,Throat
OTU_97.41548,Posterior_fornix
OTU_97.41548,Palatine_Tonsils
OTU_97.41548,Anterior_nares
OTU_97.41549,Tongue_dorsum
OTU_97.41556,Throat
OTU_97.41556,Buccal_mucosa
OTU_97.41558,Stool
OTU_97.41558,Subgingival_plaque
OTU_97.41558,Left_Retroauricular_crease
OTU_97.41566,Supragingival_plaque
OTU_97.41568,Mid_vagina
OTU_97.41568,Left_Retroauricular_crease
OTU_97.41572,Stool
OTU_97.41572,Subgingival_plaque
OTU_97.41572,Anterior_nares
OTU_97.41576,Attached_Keratinized_gingiva
OTU_97.41576,Left_Retroauricular_crease
OTU_97.41580,Hard_palate
OTU_97.41584,Stool
OTU_97.41585,Saliva
OTU_97.41585,Hard_palate
OTU_97.41589,Mid_vagina
OTU_97.41593,Buccal_mucosa
OTU_97.41600,Mid_vagina
OTU_97.41602,Supragingival_plaque
OTU_97.41608,Posterior_fornix
OTU_97.41608,Right_Retroauricular_crease
OTU_97.41617,Palatine_Tonsils
OTU_97.41619,Supragingival_plaque
OTU_97.41619,Tongue_dorsum
OTU_97.4162,Mid_vagina
OTU_97.4162,Hard_palate
OTU_97.41621,Saliva
OTU_97.41623,Subgingival_plaque
OTU_97.41623,Buccal_mucosa
OTU_97.41627,Supragingival_plaque
OTU_97.41627,Attached_Keratinized_gingiva
OTU_97.41632,Anterior_nares
OTU_97.4164,Subgingival_plaque
OTU_97.4164,Posterior_fornix
OTU_97.41641,Palatine_Tonsils
OTU_97.41648,Throat
OTU_97.41649,Anterior_nares
OTU_97.4165,Throat
OTU_97.4165,Subgingival_plaque
OTU_97.4165,Posterior_fornix
OTU_97.41651,Throat
OTU_97.41654,Right_Retroauricular_crease
OTU_97.41656,Subgingival_plaque
OTU_97.41663,Anterior_nares
OTU_97.41666,Right_Retroauricular_crease
OTU_97.41667,Posterior_fornix
OTU_97.41668,Supragingival_plaque
OTU_97.41668,Saliva
OTU_97.41674,Posterior_fornix
OTU_97.41679,Attached_Keratinized_gingiva
OTU_97.41679,Saliva
OTU_97.41679,Anterior_nares
OTU_97.4168,Left_Retroauricular_crease
OTU_97.41683,Tongue_dorsum
OTU_97.41683,Hard_palate
OTU_97.41686,Tongue_dorsum
OTU_97.41694,Buccal_mucosa
OTU_97.41694,Left_Retroauricular_crease
OTU_97.41699,Attached_Keratinized_gingiva
OTU_97.41699,Tongue_dorsum
OTU_97.41705,Supragingival_plaque
OTU_97.41708,Saliva
OTU_97.41708,Buccal_mucosa
OTU_97.41708,Left_Retroauricular_crease
OTU_97.41708,Right_Retroauricular_crease
OTU_97.41716,Throat
OTU_97.41716,Palatine_Tonsils
OTU_97.41717,Subgingival_plaque
OTU_97.41717,Anterior_nares
OTU_97.41730,Tongue_dorsum
OTU_97.41731,Stool
OTU_97.41732,Stool
OTU_97.41732,Tongue_dorsum
OTU_97.41734,Palatine_Tonsils
OTU_97.41744,Mid_vagina
OTU_97.41744,Tongue_dorsum
OTU_97.41748,Mid_vagina
OTU_97.41750,Attached_Keratinized_gingiva
OTU_97.41755,Throat
OTU_97.41755,Saliva
OTU_97.41758,Buccal_mucosa
OTU_97.41758,Tongue_dorsum
OTU_97.41758,Right_Retroauricular_crease
OTU_97.41768,Throat
OTU_97.41768,Attached_Keratinized_gingiva
OTU_97.41771,Anterior_nares
OTU_97.41775,Mid_vagina
OTU_97.41776,Stool
OTU_97.41779,Right_Retroauricular_crease
OTU_97.41794,Left_Retroauricular_crease
OTU_97.41796,Stool
OTU_97.41796,Tongue_dorsum
OTU_97.41805,Throat
OTU_97.41805,Anterior_nares
OTU_97.41807,Stool
OTU_97.41807,Throat
OTU_97.41807,Mid_vagina
OTU_97.41808,Left_Retroauricular_crease
OTU_97.41808,Anterior_nares
OTU_97.41809,Throat
OTU_97.41809,Supragingival_plaque
OTU_97.41809,Right_Retroauricular_crease
OTU_97.41827,Posterior_fornix
OTU_97.41827,Palatine_Tonsils
OTU_97.41830,Supragingival_plaque
OTU_97.41830,Posterior_fornix
OTU_97.41830,Right_Retroauricular_crease
OTU_97.41830,Anterior_nares
OTU_97.41836,Palatine_Tonsils
OTU_97.41836,Anterior_nares
OTU_97.41838,Saliva
OTU_97.4184,Stool
OTU_97.4184,Right_Retroauricular_crease
OTU_97.41840,Saliva
OTU_97.41840,Anterior_nares
OTU_97.41842,Palatine_Tonsils
OTU_97.41842,Hard_palate
OTU_97.41842,Anterior_nares
OTU_97.41846,Saliva
OTU_97.41849,Stool
OTU_97.41849,Right_Retroauricular_crease
OTU_97.41853,Throat
OTU_97.41853,Posterior_fornix
OTU_97.41855,Left_Retroauricular_crease
OTU_97.41856,Tongue_dorsum
OTU_97.4186,Throat
OTU_97.4186,Supragingival_plaque
OTU_97.4186,Saliva
OTU_97.4186,Buccal_mucosa
OTU_97.41860,Anterior_nares
OTU_97.41867,Right_Retroauricular_crease
OTU_97.41870,Subgingival_plaque
OTU_97.41870,Tongue_dorsum
OTU_97.41873,Anterior_nares
OTU_97.41874,Saliva
OTU_97.41874,Left_Retroauricular_crease
OTU_97.41874,Right_Retroauricular_crease
OTU_97.41875,Throat
OTU_97.41876,Subgingival_plaque
OTU_97.41879,Throat
OTU_97.41879,Buccal_mucosa
OTU_97.4188,Posterior_fornix
OTU_97.4188,Right_Retroauricular_crease
OTU_97.41883,Throat
OTU_97.41883,Palatine_Tonsils
OTU_97.41885,Anterior_nares
OTU_97.41889,Attached_Keratinized_gingiva
OTU_97.41889,Buccal_mucosa
OTU_97.41889,Hard_palate
OTU_97.41897,Supragingival_plaque
OTU_97.41897,Attached_Keratinized_gingiva
OTU_97.41897,Posterior_fornix
OTU_97.41898,Subgingival_plaque
OTU_97.41899,Stool
OTU_97.41899,Buccal_mucosa
OTU_97.41900,Tongue_dorsum
OTU_97.41912,Palatine_Tonsils
OTU_97.41913,Stool
OTU_97.41913,Posterior_fornix
OTU_97.41913,Tongue_dorsum
OTU_97.41917,Throat
OTU_97.41917,Anterior_nares
OTU_97.41923,Left_Retroauricular_crease
OTU_97.41937,Attached_Keratinized_gingiva
OTU_97.41937,Mid_vagina
OTU_97.41937,Anterior_nares
OTU_97.41939,Anterior_nares
OTU_97.41942,Subgingival_plaque
OTU_97.41946,Right_Retroauricular_crease
OTU_97.4195,Supragingival_plaque
OTU_97.4195,Palatine_Tonsils
OTU_97.41953,Throat
OTU_97.41953,Mid_vagina
OTU_97.41955,Left_Retroauricular_crease
OTU_97.41956,Stool
OTU_97.41956,Supragingival_plaque
OTU_97.41961,Attached_Keratinized_gingiva
OTU_97.41961,Buccal_mucosa
OTU_97.41961,Palatine_Tonsils
OTU_97.41968,Subgingival_plaque
OTU_97.41969,Subgingival_plaque
OTU_97.4197,Hard_palate
OTU_97.4197,Left_Retroauricular_crease
OTU_97.41970,Posterior_fornix
OTU_97.41973,Mid_vagina
OTU_97.41974,Stool
OTU_97.41974,Subgingival_plaque
OTU_97.41974,Attached_Keratinized_gingiva
OTU_97.41977,Saliva
OTU_97.41977,Posterior_fornix
OTU_97.41977,Mid_vagina
OTU_97.41977,Anterior_nares
OTU_97.41978,Left_Retroauricular_crease
OTU_97.41980,Throat
OTU_97.41980,Right_Retroauricular_crease
OTU_97.41985,Supragingival_plaque
OTU_97.41988,Saliva
OTU_97.41993,Attached_Keratinized_gingiva
OTU_97.41993,Hard_palate
OTU_97.41993,Anterior_nares
OTU_97.41998,Subgingival_plaque
OTU_97.41999,Stool
OTU_97.42,Posterior_fornix
OTU_97.42,Left_Retroauricular_crease
OTU_97.42000,Tongue_dorsum
OTU_97.42006,Subgingival_plaque
OTU_97.42008,Buccal_mucosa
OTU_97.42016,Mid_vagina
OTU_97.42016,Left_Retroauricular_crease
OTU_97.42019,Mid_vagina
OTU_97.42020,Throat
OTU_97.42020,Hard_palate
OTU_97.42021,Mid_vagina
OTU_97.42023,Posterior_fornix
OTU_97.42023,Mid_vagina
OTU_97.42029,Attached_Keratinized_gingiva
OTU_97.42031,Supragingival_plaque
OTU_97.42031,Attached_Keratinized_gingiva
OTU_97.42031,Mid_vagina
OTU_97.42031,Anterior_nares
OTU_97.42032,Subgingival_plaque
OTU_97.42032,Saliva
OTU_97.42034,Stool
OTU_97.42038,Palatine_Tonsils
OTU_97.42038,Hard_palate
OTU_97.42039,Attached_Keratinized_gingiva
OTU_97.42039,Tongue_dorsum
OTU_97.42039,Left_Retroauricular_crease
OTU_97.42039,Right_Retroauricular_crease
OTU_97.42041,Supragingival_plaque
OTU_97.42041,Right_Retroauricular_crease
OTU_97.42045,Saliva
OTU_97.42045,Mid_vagina
OTU_97.42046,Tongue_dorsum
OTU_97.42058,Supragingival_plaque
OTU_97.42058,Attached_Keratinized_gingiva
OTU_97.42059,Subgingival_plaque
OTU_97.42059,Tongue_dorsum
OTU_97.42061,Attached_Keratinized_gingiva
OTU_97.42061,Hard_palate
OTU_97.42062,Anterior_nares
OTU_97.42063,Right_Retroauricular_crease
OTU_97.42065,Posterior_fornix
OTU_97.42067,Saliva
OTU_97.42067,Posterior_fornix
OTU_97.42067,Hard_palate
OTU_97.42072,Attached_Keratinized_gingiva
OTU_97.42072,Posterior_fornix
OTU_97.42076,Tongue_dorsum
OTU_97.42076,Hard_palate
OTU_97.42084,Supragingival_plaque
OTU_97.42084,Hard_palate
OTU_97.42084,Right_Retroauricular_crease
OTU_97.42087,Palatine_Tonsils
OTU_97.4209,Subgingival_plaque
OTU_97.42091,Mid_vagina
OTU_97.42091,Buccal_mucosa
OTU_97.42093,Mid_vagina
OTU_97.42094,Attached_Keratinized_gingiva
OTU_97.42094,Left_Retroauricular_crease
OTU_97.42094,Right_Retroauricular_crease
OTU_97.42095,Supragingival_plaque
OTU_97.42095,Anterior_nares
OTU_97.42096,Palatine_Tonsils
OTU_97.42096,Anterior_nares
OTU_97.42098,Throat
OTU_97.42099,Left_Retroauricular_crease
OTU_97.421,Mid_vagina
OTU_97.42103,Stool
OTU_97.42103,Subgingival_plaque
OTU_97.42103,Right_Retroauricular_crease
OTU_97.42103,Anterior_nares
OTU_97.42104,Attached_Keratinized_gingiva
OTU_97.42106,Buccal_mucosa
OTU_97.42109,Mid_vagina
OTU_97.42110,Tongue_dorsum
OTU_97.42110,Hard_palate
OTU_97.42112,Left_Retroauricular_crease
OTU_97.42113,Right_Retroauricular_crease
OTU_97.42114,Stool
OTU_97.42114,Throat
OTU_97.42115,Subgingival_plaque
OTU_97.42115,Posterior_fornix
OTU_97.42119,Throat
OTU_97.42119,Saliva
OTU_97.42119,Anterior_nares
OTU_97.42127,Attached_Keratinized_gingiva
OTU_97.42127,Buccal_mucosa
OTU_97.42129,Stool
OTU_97.42129,Hard_palate
OTU_97.42131,Saliva
OTU_97.42132,Throat
OTU_97.42136,Posterior_fornix
OTU_97.42138,Posterior_fornix
OTU_97.42138,Anterior_nares
OTU_97.42145,Posterior_fornix
OTU_97.42146,Attached_Keratinized_gingiva
OTU_97.42146,Hard_palate
OTU_97.42147,Throat
OTU_97.42147,Attached_Keratinized_gingiva
OTU_97.42147,Left_Retroauricular_crease
OTU_97.42148,Stool
OTU_97.42148,Posterior_fornix
OTU_97.42151,Stool
OTU_97.42152,Attached_Keratinized_gingiva
OTU_97.42152,Buccal_mucosa
OTU_97.42152,Left_Retroauricular_crease
OTU_97.42158,Posterior_fornix
OTU_97.42158,Mid_vagina
OTU_97.42159,Stool
OTU_97.42166,Stool
OTU_97.42168,Right_Retroauricular_crease
OTU_97.42171,Attached_Keratinized_gingiva
OTU_97.42171,Left_Retroauricular_crease
OTU_97.42173,Tongue_dorsum
OTU_97.42181,Subgingival_plaque
OTU_97.42183,Supragingival_plaque
OTU_97.42183,Left_Retroauricular_crease
OTU_97.42185,Palatine_Tonsils
OTU_97.42185,Hard_palate
OTU_97.42189,Throat
OTU_97.42189,Subgingival_plaque
OTU_97.42191,Supragingival_plaque
OTU_97.42192,Palatine_Tonsils
OTU_97.42192,Left_Retroauricular_crease
OTU_97.42192,Anterior_nares
OTU_97.42193,Left_Retroauricular_crease
OTU_97.42194,Hard_palate
OTU_97.42196,Subgingival_plaque
OTU_97.42196,Tongue_dorsum
OTU_97.42196,Hard_palate
OTU_97.42197,Saliva
OTU_97.42197,Anterior_nares
OTU_97.42200,Left_Retroauricular_crease
OTU_97.42206,Tongue_dorsum
OTU_97.42207,Attached_Keratinized_gingiva
OTU_97.42207,Posterior_fornix
OTU_97.42207,Right_Retroauricular_crease
OTU_97.42207,Anterior_nares
OTU_97.4221,Stool
OTU_97.4221,Left_Retroauricular_crease
OTU_97.42210,Supragingival_plaque
OTU_97.42210,Buccal_mucosa
OTU_97.42210,Hard_palate
OTU_97.42213,Posterior_fornix
OTU_97.42213,Anterior_nares
OTU_97.42217,Stool
OTU_97.42219,Subgingival_plaque
OTU_97.42219,Supragingival_plaque
OTU_97.42221,Posterior_fornix
OTU_97.42235,Saliva
OTU_97.42235,Posterior_fornix
OTU_97.42235,Buccal_mucosa
OTU_97.42236,Saliva
OTU_97.42236,Tongue_dorsum
OTU_97.42236,Anterior_nares
OTU_97.42238,Subgingival_plaque
OTU_97.42241,Buccal_mucosa
OTU_97.42241,Palatine_Tonsils
OTU_97.42242,Attached_Keratinized_gingiva
OTU_97.42243,Supragingival_plaque
OTU_97.42243,Anterior_nares
OTU_97.4225,Left_Retroauricular_crease
OTU_97.42255,Mid_vagina
OTU_97.42255,Anterior_nares
OTU_97.42256,Buccal_mucosa
OTU_97.42257,Mid_vagina
OTU_97.42257,Left_Retroauricular_crease
OTU_97.42257,Right_Retroauricular_crease
OTU_97.42259,Supragingival_plaque
OTU_97.42259,Mid_vagina
OTU_97.42266,Right_Retroauricular_crease
OTU_97.42267,Posterior_fornix
OTU_97.42267,Hard_palate
OTU_97.42268,Subgingival_plaque
OTU_97.42268,Mid_vagina
OTU_97.42268,Hard_palate
OTU_97.42270,Saliva
OTU_97.42270,Right_Retroauricular_crease
OTU_97.42271,Stool
OTU_97.42271,Tongue_dorsum
OTU_97.42272,Stool
OTU_97.42272,Subgingival_plaque
OTU_97.42275,Saliva
OTU_97.42275,Right_Retroauricular_crease
OTU_97.42276,Stool
OTU_97.42277,Posterior_fornix
OTU_97.42277,Buccal_mucosa
OTU_97.42277,Left_Retroauricular_crease
OTU_97.42278,Buccal_mucosa
OTU_97.42281,Attached_Keratinized_gingiva
OTU_97.42281,Palatine_Tonsils
OTU_97.42284,Stool
OTU_97.42284,Buccal_mucosa
OTU_97.42284,Anterior_nares
OTU_97.42285,Subgingival_plaque
OTU_97.42285,Supragingival_plaque
OTU_97.42286,Stool
OTU_97.42286,Left_Retroauricular_crease
OTU_97.42290,Right_Retroauricular_crease
OTU_97.423,Buccal_mucosa
OTU_97.42300,Posterior_fornix
OTU_97.42300,Buccal_mucosa
OTU_97.42301,Stool
OTU_97.42305,Stool
OTU_97.42308,Subgingival_plaque
OTU_97.42312,Supragingival_plaque
OTU_97.42313,Stool
OTU_97.42313,Attached_Keratinized_gingiva
OTU_97.42317,Mid_vagina
OTU_97.42317,Right_Retroauricular_crease
OTU_97.42318,Stool
OTU_97.42319,Subgingival_plaque
OTU_97.42320,Throat
OTU_97.42320,Mid_vagina
OTU_97.42321,Right_Retroauricular_crease
OTU_97.42322,Attached_Keratinized_gingiva
OTU_97.42330,Saliva
OTU_97.42330,Posterior_fornix
OTU_97.42334,Tongue_dorsum
OTU_97.42334,Left_Retroauricular_crease
OTU_97.42338,Attached_Keratinized_gingiva
OTU_97.42338,Tongue_dorsum
OTU_97.42339,Left_Retroauricular_crease
OTU_97.42342,Subgingival_plaque
OTU_97.42342,Posterior_fornix
OTU_97.42344,Buccal_mucosa
OTU_97.42344,Tongue_dorsum
OTU_97.42345,Palatine_Tonsils
OTU_97.42350,Attached_Keratinized_gingiva
OTU_97.42350,Posterior_fornix
OTU_97.42350,Hard_palate
OTU_97.42350,Right_Retroauricular_crease
OTU_97.42350,Anterior_nares
OTU_97.42352,Right_Retroauricular_crease
OTU_97.42353,Anterior_nares
OTU_97.42354,Attached_Keratinized_gingiva
OTU_97.42356,Stool
OTU_97.42356,Palatine_Tonsils
OTU_97.42357,Attached_Keratinized_gingiva
OTU_97.42360,Stool
OTU_97.42360,Supragingival_plaque
OTU_97.42363,Mid_vagina
OTU_97.42363,Hard_palate
OTU_97.42365,Attached_Keratinized_gingiva
OTU_97.42365,Saliva
OTU_97.42365,Posterior_fornix
OTU_97.42367,Hard_palate
OTU_97.42367,Right_Retroauricular_crease
OTU_97.42373,Tongue_dorsum
OTU_97.42374,Left_Retroauricular_crease
OTU_97.42375,Saliva
OTU_97.42376,Posterior_fornix
OTU_97.42377,Subgingival_plaque
OTU_97.42377,Right_Retroauricular_crease
OTU_97.42378,Throat
OTU_97.42378,Tongue_dorsum
OTU_97.4238,Throat
OTU_97.4238,Saliva
OTU_97.4238,Left_Retroauricular_crease
OTU_97.42382,Hard_palate
OTU_97.42383,Tongue_dorsum
OTU_97.42386,Throat
OTU_97.42386,Subgingival_plaque
OTU_97.4239,Tongue_dorsum
OTU_97.42390,Saliva
OTU_97.42390,Tongue_dorsum
OTU_97.42391,Supragingival_plaque
OTU_97.42393,Mid_vagina
OTU_97.42397,Stool
OTU_97.42397,Right_Retroauricular_crease
OTU_97.42398,Mid_vagina
OTU_97.42402,Posterior_fornix
OTU_97.42404,Anterior_nares
OTU_97.42405,Supragingival_plaque
OTU_97.42405,Buccal_mucosa
OTU_97.42406,Left_Retroauricular_crease
OTU_97.42406,Right_Retroauricular_crease
OTU_97.42406,Anterior_nares
OTU_97.42412,Anterior_nares
OTU_97.42414,Buccal_mucosa
OTU_97.42416,Attached_Keratinized_gingiva
OTU_97.4242,Supragingival_plaque
OTU_97.42420,Attached_Keratinized_gingiva
OTU_97.42420,Palatine_Tonsils
OTU_97.42421,Right_Retroauricular_crease
OTU_97.42422,Posterior_fornix
OTU_97.42422,Palatine_Tonsils
OTU_97.42423,Left_Retroauricular_crease
OTU_97.42423,Anterior_nares
OTU_97.42425,Supragingival_plaque
OTU_97.42425,Anterior_nares
OTU_97.42427,Supragingival_plaque
OTU_97.42427,Palatine_Tonsils
OTU_97.42427,Tongue_dorsum
OTU_97.42427,Left_Retroauricular_crease
OTU_97.42427,Right_Retroauricular_crease
OTU_97.42428,Attached_Keratinized_gingiva
OTU_97.42428,Left_Retroauricular_crease
OTU_97.42431,Mid_vagina
OTU_97.42432,Supragingival_plaque
OTU_97.42432,Anterior_nares
OTU_97.42435,Subgingival_plaque
OTU_97.42435,Palatine_Tonsils
OTU_97.42437,Posterior_fornix
OTU_97.42437,Tongue_dorsum
OTU_97.42438,Stool
OTU_97.42440,Right_Retroauricular_crease
OTU_97.42441,Throat
OTU_97.42441,Mid_vagina
OTU_97.42444,Tongue_dorsum
OTU_97.42444,Anterior_nares
OTU_97.42446,Anterior_nares
OTU_97.42450,Tongue_dorsum
OTU_97.42451,Subgingival_plaque
OTU_97.42451,Attached_Keratinized_gingiva
OTU_97.42451,Palatine_Tonsils
OTU_97.42457,Throat
OTU_97.42461,Supragingival_plaque
OTU_97.42462,Buccal_mucosa
OTU_97.42462,Hard_palate
OTU_97.42463,Supragingival_plaque
OTU_97.42463,Palatine_Tonsils
OTU_97.42468,Tongue_dorsum
OTU_97.42470,Posterior_fornix
OTU_97.42470,Anterior_nares
OTU_97.42478,Mid_vagina
OTU_97.42478,Buccal_mucosa
OTU_97.42481,Attached_Keratinized_gingiva
OTU_97.42481,Hard_palate
OTU_97.42482,Subgingival_plaque
OTU_97.42492,Palatine_Tonsils
OTU_97.42492,Left_Retroauricular_crease
OTU_97.42493,Subgingival_plaque
OTU_97.42494,Saliva
OTU_97.42499,Right_Retroauricular_crease
OTU_97.42502,Posterior_fornix
OTU_97.42502,Buccal_mucosa
OTU_97.42507,Posterior_fornix
OTU_97.42507,Left_Retroauricular_crease
OTU_97.42513,Stool
OTU_97.42516,Subgingival_plaque
OTU_97.42519,Saliva
OTU_97.42520,Throat
OTU_97.42526,Attached_Keratinized_gingiva
OTU_97.42526,Saliva
OTU_97.42526,Left_Retroauricular_crease
OTU_97.42532,Supragingival_plaque
OTU_97.42534,Saliva
OTU_97.42536,Buccal_mucosa
OTU_97.42536,Tongue_dorsum
OTU_97.42542,Supragingival_plaque
OTU_97.42542,Hard_palate
OTU_97.42543,Posterior_fornix
OTU_97.42544,Tongue_dorsum
OTU_97.42549,Posterior_fornix
OTU_97.42550,Stool
OTU_97.42553,Tongue_dorsum
OTU_97.42554,Attached_Keratinized_gingiva
OTU_97.42556,Hard_palate
OTU_97.42556,Left_Retroauricular_crease
OTU_97.42563,Palatine_Tonsils
OTU_97.42563,Right_Retroauricular_crease
OTU_97.42572,Supragingival_plaque
OTU_97.42576,Saliva
OTU_97.42576,Posterior_fornix
OTU_97.42579,Stool
OTU_97.42582,Subgingival_plaque
OTU_97.42583,Subgingival_plaque
OTU_97.42587,Posterior_fornix
OTU_97.42587,Mid_vagina
OTU_97.42589,Stool
OTU_97.42590,Throat
OTU_97.42590,Buccal_mucosa
OTU_97.42592,Saliva
OTU_97.42592,Tongue_dorsum
OTU_97.42597,Palatine_Tonsils
OTU_97.426,Hard_palate
OTU_97.42601,Left_Retroauricular_crease
OTU_97.42602,Throat
OTU_97.42603,Left_Retroauricular_crease
OTU_97.42609,Hard_palate
OTU_97.42615,Throat
OTU_97.42615,Hard_palate
OTU_97.42616,Posterior_fornix
OTU_97.42616,Left_Retroauricular_crease
OTU_97.42619,Throat
OTU_97.42619,Hard_palate
OTU_97.4262,Stool
OTU_97.4262,Supragingival_plaque
OTU_97.4262,Mid_vagina
OTU_97.4262,Right_Retroauricular_crease
OTU_97.42621,Left_Retroauricular_crease
OTU_97.42621,Anterior_nares
OTU_97.42623,Supragingival_plaque
OTU_97.42625,Stool
OTU_97.42625,Left_Retroauricular_crease
OTU_97.42625,Right_Retroauricular_crease
OTU_97.42627,Posterior_fornix
OTU_97.42627,Anterior_nares
OTU_97.42628,Supragingival_plaque
OTU_97.42628,Saliva
OTU_97.42628,Left_Retroauricular_crease
OTU_97.42628,Anterior_nares
OTU_97.42632,Tongue_dorsum
OTU_97.42633,Subgingival_plaque
OTU_97.42634,Supragingival_plaque
OTU_97.42635,Posterior_fornix
OTU_97.42635,Buccal_mucosa
OTU_97.42636,Tongue_dorsum
OTU_97.42636,Right_Retroauricular_crease
OTU_97.42637,Attached_Keratinized_gingiva
OTU_97.42640,Throat
OTU_97.42640,Anterior_nares
OTU_97.42647,Attached_Keratinized_gingiva
OTU_97.42647,Buccal_mucosa
OTU_97.42648,Mid_vagina
OTU_97.42648,Anterior_nares
OTU_97.42655,Supragingival_plaque
OTU_97.42655,Posterior_fornix
OTU_97.42658,Palatine_Tonsils
OTU_97.42661,Saliva
OTU_97.42662,Saliva
OTU_97.42663,Hard_palate
OTU_97.42674,Anterior_nares
OTU_97.42676,Left_Retroauricular_crease
OTU_97.4268,Hard_palate
OTU_97.42687,Right_Retroauricular_crease
OTU_97.42688,Stool
OTU_97.4269,Throat
OTU_97.4269,Supragingival_plaque
OTU_97.42691,Left_Retroauricular_crease
OTU_97.42705,Left_Retroauricular_crease
OTU_97.42708,Palatine_Tonsils
OTU_97.42708,Anterior_nares
OTU_97.42713,Tongue_dorsum
OTU_97.4272,Stool
OTU_97.4272,Posterior_fornix
OTU_97.42738,Attached_Keratinized_gingiva
OTU_97.42738,Hard_palate
OTU_97.42749,Palatine_Tonsils
OTU_97.42753,Throat
OTU_97.42753,Supragingival_plaque
OTU_97.42753,Buccal_mucosa
OTU_97.42756,Left_Retroauricular_crease
OTU_97.42774,Throat
OTU_97.42774,Subgingival_plaque
OTU_97.42779,Right_Retroauricular_crease
OTU_97.42781,Posterior_fornix
OTU_97.42783,Supragingival_plaque
OTU_97.42783,Mid_vagina
OTU_97.42783,Tongue_dorsum
OTU_97.42789,Hard_palate
OTU_97.42795,Saliva
OTU_97.42800,Hard_palate
OTU_97.42801,Supragingival_plaque
OTU_97.42805,Mid_vagina
OTU_97.42815,Palatine_Tonsils
OTU_97.42816,Buccal_mucosa
OTU_97.42817,Saliva
OTU_97.42817,Buccal_mucosa
OTU_97.42817,Right_Retroauricular_crease
OTU_97.42820,Mid_vagina
OTU_97.42821,Subgingival_plaque
OTU_97.42821,Saliva
OTU_97.42821,Tongue_dorsum
OTU_97.42824,Mid_vagina
OTU_97.42827,Attached_Keratinized_gingiva
OTU_97.42827,Posterior_fornix
OTU_97.42827,Anterior_nares
OTU_97.42828,Throat
OTU_97.4283,Subgingival_plaque
OTU_97.4283,Left_Retroauricular_crease
OTU_97.42838,Attached_Keratinized_gingiva
OTU_97.42838,Posterior_fornix
OTU_97.42838,Palatine_Tonsils
OTU_97.42838,Right_Retroauricular_crease
OTU_97.42838,Anterior_nares
OTU_97.4284,Subgingival_plaque
OTU_97.4284,Anterior_nares
OTU_97.42842,Supragingival_plaque
OTU_97.42842,Buccal_mucosa
OTU_97.42844,Throat
OTU_97.42852,Palatine_Tonsils
OTU_97.42854,Attached_Keratinized_gingiva
OTU_97.42854,Saliva
OTU_97.42855,Supragingival_plaque
OTU_97.42855,Saliva
OTU_97.42855,Posterior_fornix
OTU_97.42855,Mid_vagina
OTU_97.42855,Buccal_mucosa
OTU_97.42856,Posterior_fornix
OTU_97.42856,Hard_palate
OTU_97.42859,Stool
OTU_97.42859,Left_Retroauricular_crease
OTU_97.42859,Anterior_nares
OTU_97.42861,Right_Retroauricular_crease
OTU_97.42861,Anterior_nares
OTU_97.42864,Attached_Keratinized_gingiva
OTU_97.42865,Supragingival_plaque
OTU_97.42865,Tongue_dorsum
OTU_97.42866,Buccal_mucosa
OTU_97.42867,Buccal_mucosa
OTU_97.42870,Stool
OTU_97.42870,Attached_Keratinized_gingiva
OTU_97.42870,Buccal_mucosa
OTU_97.42870,Tongue_dorsum
OTU_97.42878,Saliva
OTU_97.42878,Palatine_Tonsils
OTU_97.42878,Right_Retroauricular_crease
OTU_97.42879,Stool
OTU_97.42879,Anterior_nares
OTU_97.42880,Supragingival_plaque
OTU_97.42882,Saliva
OTU_97.42882,Palatine_Tonsils
OTU_97.42882,Left_Retroauricular_crease
OTU_97.42882,Anterior_nares
OTU_97.42886,Stool
OTU_97.42886,Mid_vagina
OTU_97.42886,Anterior_nares
OTU_97.42887,Stool
OTU_97.42889,Mid_vagina
OTU_97.42890,Palatine_Tonsils
OTU_97.42891,Throat
OTU_97.42891,Tongue_dorsum
OTU_97.42891,Hard_palate
OTU_97.42895,Supragingival_plaque
OTU_97.42895,Posterior_fornix
OTU_97.42898,Throat
OTU_97.42901,Saliva
OTU_97.42901,Posterior_fornix
OTU_97.42902,Mid_vagina
OTU_97.42902,Anterior_nares
OTU_97.42903,Mid_vagina
OTU_97.42905,Throat
OTU_97.42912,Supragingival_plaque
OTU_97.42912,Tongue_dorsum
OTU_97.42915,Right_Retroauricular_crease
OTU_97.42917,Posterior_fornix
OTU_97.42917,Anterior_nares
OTU_97.42919,Mid_vagina
OTU_97.42919,Palatine_Tonsils
OTU_97.42922,Mid_vagina
OTU_97.42922,Left_Retroauricular_crease
OTU_97.42924,Posterior_fornix
OTU_97.42925,Stool
OTU_97.42925,Left_Retroauricular_crease
OTU_97.42927,Supragingival_plaque
OTU_97.42930,Attached_Keratinized_gingiva
OTU_97.42930,Posterior_fornix
OTU_97.42933,Supragingival_plaque
OTU_97.42933,Attached_Keratinized_gingiva
OTU_97.42933,Anterior_nares
OTU_97.42937,Subgingival_plaque
OTU_97.42937,Right_Retroauricular_crease
OTU_97.42938,Palatine_Tonsils
OTU_97.42941,Buccal_mucosa
OTU_97.42943,Posterior_fornix
OTU_97.42944,Saliva
OTU_97.42944,Palatine_Tonsils
OTU_97.42945,Subgingival_plaque
OTU_97.42945,Anterior_nares
OTU_97.42946,Subgingival_plaque
OTU_97.42946,Attached_Keratinized_gingiva
OTU_97.42947,Anterior_nares
OTU_97.42948,Stool
OTU_97.42949,Saliva
OTU_97.42951,Tongue_dorsum
OTU_97.42952,Saliva
OTU_97.42952,Tongue_dorsum
OTU_97.42956,Subgingival_plaque
OTU_97.42958,Anterior_nares
OTU_97.42961,Posterior_fornix
OTU_97.42962,Palatine_Tonsils
OTU_97.42963,Hard_palate
OTU_97.42965,Palatine_Tonsils
OTU_97.42966,Left_Retroauricular_crease
OTU_97.42967,Throat
OTU_97.42971,Palatine_Tonsils
OTU_97.42973,Supragingival_plaque
OTU_97.42976,Buccal_mucosa
OTU_97.42976,Hard_palate
OTU_97.42976,Left_Retroauricular_crease
OTU_97.42978,Buccal_mucosa
OTU_97.42979,Throat
OTU_97.42979,Attached_Keratinized_gingiva
OTU_97.42980,Tongue_dorsum
OTU_97.42980,Hard_palate
OTU_97.42981,Posterior_fornix
OTU_97.42986,Buccal_mucosa
OTU_97.42986,Tongue_dorsum
OTU_97.42987,Throat
OTU_97.42987,Mid_vagina
OTU_97.42989,Throat
OTU_97.42989,Subgingival_plaque
OTU_97.42989,Saliva
OTU_97.42989,Posterior_fornix
OTU_97.42989,Tongue_dorsum
OTU_97.42990,Stool
OTU_97.42990,Throat
OTU_97.42993,Posterior_fornix
OTU_97.42996,Stool
OTU_97.42996,Saliva
OTU_97.42997,Subgingival_plaque
OTU_97.43,Supragingival_plaque
OTU_97.43000,Mid_vagina
OTU_97.43002,Mid_vagina
OTU_97.43003,Stool
OTU_97.43007,Palatine_Tonsils
OTU_97.43007,Left_Retroauricular_crease
OTU_97.43008,Supragingival_plaque
OTU_97.43009,Buccal_mucosa
OTU_97.43009,Anterior_nares
OTU_97.43010,Attached_Keratinized_gingiva
OTU_97.43012,Stool
OTU_97.43012,Attached_Keratinized_gingiva
OTU_97.43012,Hard_palate
OTU_97.43014,Mid_vagina
OTU_97.43015,Palatine_Tonsils
OTU_97.43015,Hard_palate
OTU_97.43017,Mid_vagina
OTU_97.43018,Hard_palate
OTU_97.43018,Left_Retroauricular_crease
OTU_97.43019,Buccal_mucosa
OTU_97.43021,Throat
OTU_97.43021,Palatine_Tonsils
OTU_97.43025,Hard_palate
OTU_97.43028,Attached_Keratinized_gingiva
OTU_97.43040,Posterior_fornix
OTU_97.43043,Attached_Keratinized_gingiva
OTU_97.43043,Tongue_dorsum
OTU_97.43045,Throat
OTU_97.43046,Saliva
OTU_97.43049,Left_Retroauricular_crease
OTU_97.43052,Tongue_dorsum
OTU_97.43052,Left_Retroauricular_crease
OTU_97.43054,Attached_Keratinized_gingiva
OTU_97.43054,Palatine_Tonsils
OTU_97.43055,Left_Retroauricular_crease
OTU_97.43059,Subgingival_plaque
OTU_97.43059,Palatine_Tonsils
OTU_97.43059,Tongue_dorsum
OTU_97.43059,Hard_palate
OTU_97.43060,Tongue_dorsum
OTU_97.43060,Left_Retroauricular_crease
OTU_97.43061,Saliva
OTU_97.43061,Right_Retroauricular_crease
OTU_97.43066,Hard_palate
OTU_97.43067,Tongue_dorsum
OTU_97.43067,Hard_palate
OTU_97.43068,Supragingival_plaque
OTU_97.43068,Attached_Keratinized_gingiva
OTU_97.43072,Left_Retroauricular_crease
OTU_97.43073,Palatine_Tonsils
OTU_97.43073,Hard_palate
OTU_97.43075,Subgingival_plaque
OTU_97.43075,Supragingival_plaque
OTU_97.43076,Saliva
OTU_97.43076,Left_Retroauricular_crease
OTU_97.43080,Tongue_dorsum
OTU_97.43085,Supragingival_plaque
OTU_97.43085,Anterior_nares
OTU_97.43086,Posterior_fornix
OTU_97.43086,Palatine_Tonsils
OTU_97.43086,Right_Retroauricular_crease
OTU_97.43088,Right_Retroauricular_crease
OTU_97.43089,Posterior_fornix
OTU_97.43089,Right_Retroauricular_crease
OTU_97.43092,Palatine_Tonsils
OTU_97.43095,Stool
OTU_97.43095,Attached_Keratinized_gingiva
OTU_97.43095,Left_Retroauricular_crease
OTU_97.43097,Stool
OTU_97.43097,Mid_vagina
OTU_97.43098,Anterior_nares
OTU_97.431,Attached_Keratinized_gingiva
OTU_97.431,Saliva
OTU_97.43105,Tongue_dorsum
OTU_97.43108,Hard_palate
OTU_97.43111,Posterior_fornix
OTU_97.43111,Palatine_Tonsils
OTU_97.43111,Anterior_nares
OTU_97.43112,Saliva
OTU_97.43112,Right_Retroauricular_crease
OTU_97.43115,Throat
OTU_97.43115,Saliva
OTU_97.43115,Posterior_fornix
OTU_97.43117,Tongue_dorsum
OTU_97.43118,Tongue_dorsum
OTU_97.43120,Supragingival_plaque
OTU_97.43128,Subgingival_plaque
OTU_97.4313,Left_Retroauricular_crease
OTU_97.4313,Anterior_nares
OTU_97.43131,Palatine_Tonsils
OTU_97.43133,Posterior_fornix
OTU_97.43136,Mid_vagina
OTU_97.43137,Subgingival_plaque
OTU_97.43143,Stool
OTU_97.43143,Supragingival_plaque
OTU_97.43143,Hard_palate
OTU_97.43146,Throat
OTU_97.43146,Left_Retroauricular_crease
OTU_97.43146,Right_Retroauricular_crease
OTU_97.43147,Supragingival_plaque
OTU_97.43147,Anterior_nares
OTU_97.43150,Anterior_nares
OTU_97.43152,Saliva
OTU_97.4316,Palatine_Tonsils
OTU_97.43162,Tongue_dorsum
OTU_97.43163,Left_Retroauricular_crease
OTU_97.4317,Right_Retroauricular_crease
OTU_97.43172,Subgingival_plaque
OTU_97.43174,Subgingival_plaque
OTU_97.43174,Posterior_fornix
OTU_97.43175,Buccal_mucosa
OTU_97.43178,Attached_Keratinized_gingiva
OTU_97.43183,Saliva
OTU_97.43183,Buccal_mucosa
OTU_97.43183,Tongue_dorsum
OTU_97.43183,Left_Retroauricular_crease
OTU_97.43184,Posterior_fornix
OTU_97.43185,Supragingival_plaque
OTU_97.43185,Saliva
OTU_97.43187,Palatine_Tonsils
OTU_97.43188,Tongue_dorsum
OTU_97.43195,Hard_palate
OTU_97.43197,Hard_palate
OTU_97.43197,Anterior_nares
OTU_97.43199,Posterior_fornix
OTU_97.43199,Hard_palate
OTU_97.43199,Right_Retroauricular_crease
OTU_97.432,Stool
OTU_97.432,Attached_Keratinized_gingiva
OTU_97.43200,Saliva
OTU_97.43201,Attached_Keratinized_gingiva
OTU_97.43202,Buccal_mucosa
OTU_97.43202,Palatine_Tonsils
OTU_97.43204,Stool
OTU_97.43205,Supragingival_plaque
OTU_97.43206,Stool
OTU_97.43207,Stool
OTU_97.43207,Hard_palate
OTU_97.43209,Stool
OTU_97.43209,Left_Retroauricular_crease
OTU_97.43212,Buccal_mucosa
OTU_97.43212,Palatine_Tonsils
OTU_97.43214,Stool
OTU_97.43219,Attached_Keratinized_gingiva
OTU_97.43219,Mid_vagina
OTU_97.4322,Throat
OTU_97.4322,Subgingival_plaque
OTU_97.43224,Subgingival_plaque
OTU_97.43225,Right_Retroauricular_crease
OTU_97.43229,Supragingival_plaque
OTU_97.4323,Buccal_mucosa
OTU_97.43230,Hard_palate
OTU_97.43235,Tongue_dorsum
OTU_97.43235,Right_Retroauricular_crease
OTU_97.43237,Hard_palate
OTU_97.43238,Mid_vagina
OTU_97.43240,Mid_vagina
OTU_97.43242,Saliva
OTU_97.43248,Throat
OTU_97.43248,Palatine_Tonsils
OTU_97.43249,Hard_palate
OTU_97.43255,Stool
OTU_97.43255,Hard_palate
OTU_97.43258,Stool
OTU_97.43258,Hard_palate
OTU_97.43259,Hard_palate
OTU_97.43265,Tongue_dorsum
OTU_97.43269,Supragingival_plaque
OTU_97.43269,Right_Retroauricular_crease
OTU_97.43269,Anterior_nares
OTU_97.43274,Throat
OTU_97.43274,Buccal_mucosa
OTU_97.43274,Tongue_dorsum
OTU_97.43277,Saliva
OTU_97.43277,Left_Retroauricular_crease
OTU_97.43281,Mid_vagina
OTU_97.43284,Stool
OTU_97.43284,Right_Retroauricular_crease
OTU_97.43288,Subgingival_plaque
OTU_97.43288,Palatine_Tonsils
OTU_97.43289,Subgingival_plaque
OTU_97.43290,Saliva
OTU_97.43292,Saliva
OTU_97.43292,Tongue_dorsum
OTU_97.43295,Throat
OTU_97.43295,Subgingival_plaque
OTU_97.43295,Supragingival_plaque
OTU_97.43299,Subgingival_plaque
OTU_97.43299,Palatine_Tonsils
OTU_97.433,Mid_vagina
OTU_97.43300,Tongue_dorsum
OTU_97.43300,Hard_palate
OTU_97.43302,Subgingival_plaque
OTU_97.43302,Posterior_fornix
OTU_97.43308,Subgingival_plaque
OTU_97.43308,Anterior_nares
OTU_97.43310,Stool
OTU_97.43310,Subgingival_plaque
OTU_97.43311,Hard_palate
OTU_97.43312,Attached_Keratinized_gingiva
OTU_97.43312,Tongue_dorsum
OTU_97.43312,Hard_palate
OTU_97.43313,Stool
OTU_97.43313,Throat
OTU_97.43313,Supragingival_plaque
OTU_97.43318,Supragingival_plaque
OTU_97.43323,Saliva
OTU_97.43325,Posterior_fornix
OTU_97.43326,Left_Retroauricular_crease
OTU_97.43328,Posterior_fornix
OTU_97.43328,Tongue_dorsum
OTU_97.43329,Posterior_fornix
OTU_97.43329,Left_Retroauricular_crease
OTU_97.43330,Mid_vagina
OTU_97.43330,Tongue_dorsum
OTU_97.43331,Subgingival_plaque
OTU_97.43332,Posterior_fornix
OTU_97.43332,Right_Retroauricular_crease
OTU_97.43333,Supragingival_plaque
OTU_97.43336,Supragingival_plaque
OTU_97.43339,Subgingival_plaque
OTU_97.43339,Saliva
OTU_97.43339,Right_Retroauricular_crease
OTU_97.43343,Anterior_nares
OTU_97.43346,Stool
OTU_97.43348,Left_Retroauricular_crease
OTU_97.43353,Stool
OTU_97.43358,Throat
OTU_97.43366,Anterior_nares
OTU_97.43368,Saliva
OTU_97.43368,Palatine_Tonsils
OTU_97.43368,Tongue_dorsum
OTU_97.43374,Mid_vagina
OTU_97.43377,Attached_Keratinized_gingiva
OTU_97.43377,Tongue_dorsum
OTU_97.43380,Attached_Keratinized_gingiva
OTU_97.43384,Saliva
OTU_97.43384,Buccal_mucosa
OTU_97.43386,Supragingival_plaque
OTU_97.43386,Buccal_mucosa
OTU_97.43392,Throat
OTU_97.43392,Hard_palate
OTU_97.43397,Subgingival_plaque
OTU_97.43400,Subgingival_plaque
OTU_97.43411,Attached_Keratinized_gingiva
OTU_97.43411,Tongue_dorsum
OTU_97.43419,Palatine_Tonsils
OTU_97.43421,Supragingival_plaque
OTU_97.43421,Right_Retroauricular_crease
OTU_97.43421,Anterior_nares
OTU_97.43427,Anterior_nares
OTU_97.4343,Posterior_fornix
OTU_97.43436,Throat
OTU_97.43436,Anterior_nares
OTU_97.43438,Posterior_fornix
OTU_97.43438,Tongue_dorsum
OTU_97.43439,Posterior_fornix
OTU_97.43445,Saliva
OTU_97.43445,Palatine_Tonsils
OTU_97.43445,Right_Retroauricular_crease
OTU_97.43447,Throat
OTU_97.43449,Buccal_mucosa
OTU_97.43450,Mid_vagina
OTU_97.43450,Buccal_mucosa
OTU_97.43451,Left_Retroauricular_crease
OTU_97.43451,Anterior_nares
OTU_97.43460,Tongue_dorsum
OTU_97.43475,Attached_Keratinized_gingiva
OTU_97.43479,Saliva
OTU_97.43479,Palatine_Tonsils
OTU_97.43479,Tongue_dorsum
OTU_97.43490,Supragingival_plaque
OTU_97.43490,Tongue_dorsum
OTU_97.43493,Saliva
OTU_97.43493,Posterior_fornix
OTU_97.43493,Tongue_dorsum
OTU_97.43495,Buccal_mucosa
OTU_97.43496,Hard_palate
OTU_97.43499,Subgingival_plaque
OTU_97.43499,Attached_Keratinized_gingiva
OTU_97.435,Buccal_mucosa
OTU_97.43503,Attached_Keratinized_gingiva
OTU_97.43503,Left_Retroauricular_crease
OTU_97.43504,Palatine_Tonsils
OTU_97.4351,Subgingival_plaque
OTU_97.4351,Posterior_fornix
OTU_97.4351,Left_Retroauricular_crease
OTU_97.43510,Stool
OTU_97.43510,Tongue_dorsum
OTU_97.43516,Posterior_fornix
OTU_97.43518,Stool
OTU_97.43518,Posterior_fornix
OTU_97.43520,Throat
OTU_97.43520,Subgingival_plaque
OTU_97.43520,Right_Retroauricular_crease
OTU_97.43522,Supragingival_plaque
OTU_97.43524,Subgingival_plaque
OTU_97.43524,Mid_vagina
OTU_97.43526,Stool
OTU_97.43526,Subgingival_plaque
OTU_97.43527,Hard_palate
OTU_97.43528,Stool
OTU_97.43528,Right_Retroauricular_crease
OTU_97.43530,Hard_palate
OTU_97.43530,Right_Retroauricular_crease
OTU_97.43531,Throat
OTU_97.43531,Palatine_Tonsils
OTU_97.43533,Mid_vagina
OTU_97.43533,Tongue_dorsum
OTU_97.43533,Anterior_nares
OTU_97.43534,Throat
OTU_97.43541,Palatine_Tonsils
OTU_97.43543,Subgingival_plaque
OTU_97.43543,Mid_vagina
OTU_97.43546,Tongue_dorsum
OTU_97.43549,Posterior_fornix
OTU_97.43551,Throat
OTU_97.43551,Posterior_fornix
OTU_97.43552,Mid_vagina
OTU_97.43552,Left_Retroauricular_crease
OTU_97.43553,Saliva
OTU_97.43553,Palatine_Tonsils
OTU_97.43554,Supragingival_plaque
OTU_97.43554,Saliva
OTU_97.43559,Supragingival_plaque
OTU_97.43564,Stool
OTU_97.43569,Stool
OTU_97.43569,Hard_palate
OTU_97.43574,Saliva
OTU_97.43574,Tongue_dorsum
OTU_97.43576,Right_Retroauricular_crease
OTU_97.43577,Palatine_Tonsils
OTU_97.43578,Attached_Keratinized_gingiva
OTU_97.43578,Posterior_fornix
OTU_97.43578,Anterior_nares
OTU_97.43579,Right_Retroauricular_crease
OTU_97.43591,Stool
OTU_97.43592,Attached_Keratinized_gingiva
OTU_97.43592,Hard_palate
OTU_97.43593,Tongue_dorsum
OTU_97.43597,Stool
OTU_97.43601,Mid_vagina
OTU_97.43602,Posterior_fornix
OTU_97.43605,Hard_palate
OTU_97.43606,Palatine_Tonsils
OTU_97.43606,Right_Retroauricular_crease
OTU_97.43612,Hard_palate
OTU_97.43614,Hard_palate
OTU_97.43619,Throat
OTU_97.43619,Palatine_Tonsils
OTU_97.43627,Stool
OTU_97.43627,Subgingival_plaque
OTU_97.4363,Supragingival_plaque
OTU_97.4363,Attached_Keratinized_gingiva
OTU_97.43645,Stool
OTU_97.43645,Left_Retroauricular_crease
OTU_97.43649,Buccal_mucosa
OTU_97.43649,Tongue_dorsum
OTU_97.43650,Attached_Keratinized_gingiva
OTU_97.43657,Left_Retroauricular_crease
OTU_97.43660,Supragingival_plaque
OTU_97.43660,Hard_palate
OTU_97.43665,Attached_Keratinized_gingiva
OTU_97.43665,Saliva
OTU_97.43671,Saliva
OTU_97.43673,Throat
OTU_97.43673,Supragingival_plaque
OTU_97.43673,Palatine_Tonsils
OTU_97.43673,Right_Retroauricular_crease
OTU_97.43676,Attached_Keratinized_gingiva
OTU_97.43676,Anterior_nares
OTU_97.43679,Subgingival_plaque
OTU_97.43685,Subgingival_plaque
OTU_97.43685,Posterior_fornix
OTU_97.43685,Buccal_mucosa
OTU_97.43685,Palatine_Tonsils
OTU_97.43685,Anterior_nares
OTU_97.43686,Palatine_Tonsils
OTU_97.4369,Stool
OTU_97.43697,Buccal_mucosa
OTU_97.43698,Palatine_Tonsils
OTU_97.43698,Right_Retroauricular_crease
OTU_97.437,Stool
OTU_97.437,Tongue_dorsum
OTU_97.437,Right_Retroauricular_crease
OTU_97.43702,Left_Retroauricular_crease
OTU_97.43702,Right_Retroauricular_crease
OTU_97.43712,Saliva
OTU_97.43719,Supragingival_plaque
OTU_97.43719,Attached_Keratinized_gingiva
OTU_97.43720,Supragingival_plaque
OTU_97.43726,Tongue_dorsum
OTU_97.43726,Hard_palate
OTU_97.43733,Stool
OTU_97.43733,Anterior_nares
OTU_97.43758,Subgingival_plaque
OTU_97.43758,Tongue_dorsum
OTU_97.43771,Throat
OTU_97.43772,Supragingival_plaque
OTU_97.4378,Throat
OTU_97.4378,Hard_palate
OTU_97.43780,Supragingival_plaque
OTU_97.43786,Mid_vagina
OTU_97.43786,Right_Retroauricular_crease
OTU_97.43789,Throat
OTU_97.43817,Stool
OTU_97.43817,Tongue_dorsum
OTU_97.43825,Stool
OTU_97.4383,Hard_palate
OTU_97.43831,Throat
OTU_97.43831,Anterior_nares
OTU_97.43838,Attached_Keratinized_gingiva
OTU_97.43839,Supragingival_plaque
OTU_97.43844,Subgingival_plaque
OTU_97.43847,Throat
OTU_97.43848,Throat
OTU_97.43848,Palatine_Tonsils
OTU_97.43848,Tongue_dorsum
OTU_97.43850,Stool
OTU_97.43850,Saliva
OTU_97.43851,Supragingival_plaque
OTU_97.43851,Left_Retroauricular_crease
OTU_97.43858,Mid_vagina
OTU_97.43858,Right_Retroauricular_crease
OTU_97.43859,Right_Retroauricular_crease
OTU_97.43861,Anterior_nares
OTU_97.4387,Attached_Keratinized_gingiva
OTU_97.4387,Palatine_Tonsils
OTU_97.43870,Saliva
OTU_97.43871,Mid_vagina
OTU_97.43872,Left_Retroauricular_crease
OTU_97.43876,Attached_Keratinized_gingiva
OTU_97.43876,Hard_palate
OTU_97.43878,Anterior_nares
OTU_97.43881,Throat
OTU_97.43881,Palatine_Tonsils
OTU_97.43883,Hard_palate
OTU_97.43884,Posterior_fornix
OTU_97.43884,Palatine_Tonsils
OTU_97.43884,Right_Retroauricular_crease
OTU_97.43885,Mid_vagina
OTU_97.43885,Hard_palate
OTU_97.4389,Right_Retroauricular_crease
OTU_97.43890,Posterior_fornix
OTU_97.43890,Palatine_Tonsils
OTU_97.43890,Anterior_nares
OTU_97.43891,Attached_Keratinized_gingiva
OTU_97.43894,Tongue_dorsum
OTU_97.43897,Hard_palate
OTU_97.43902,Buccal_mucosa
OTU_97.43902,Left_Retroauricular_crease
OTU_97.43904,Throat
OTU_97.43904,Attached_Keratinized_gingiva
OTU_97.43907,Left_Retroauricular_crease
OTU_97.43908,Anterior_nares
OTU_97.43909,Saliva
OTU_97.43909,Mid_vagina
OTU_97.43910,Saliva
OTU_97.43910,Palatine_Tonsils
OTU_97.43910,Anterior_nares
OTU_97.43913,Throat
OTU_97.43918,Left_Retroauricular_crease
OTU_97.4392,Stool
OTU_97.4392,Mid_vagina
OTU_97.4392,Anterior_nares
OTU_97.43923,Hard_palate
OTU_97.43923,Right_Retroauricular_crease
OTU_97.43924,Tongue_dorsum
OTU_97.43929,Hard_palate
OTU_97.43932,Stool
OTU_97.43932,Palatine_Tonsils
OTU_97.43937,Supragingival_plaque
OTU_97.43938,Throat
OTU_97.43943,Tongue_dorsum
OTU_97.43951,Mid_vagina
OTU_97.43951,Buccal_mucosa
OTU_97.43952,Stool
OTU_97.43952,Supragingival_plaque
OTU_97.43953,Mid_vagina
OTU_97.43953,Hard_palate
OTU_97.43953,Right_Retroauricular_crease
OTU_97.43955,Throat
OTU_97.43955,Buccal_mucosa
OTU_97.43971,Posterior_fornix
OTU_97.43972,Palatine_Tonsils
OTU_97.43982,Mid_vagina
OTU_97.43982,Hard_palate
OTU_97.43986,Throat
OTU_97.43988,Anterior_nares
OTU_97.43997,Right_Retroauricular_crease
OTU_97.43999,Mid_vagina
OTU_97.43999,Buccal_mucosa
OTU_97.43999,Hard_palate
OTU_97.43999,Left_Retroauricular_crease
OTU_97.44001,Throat
OTU_97.44001,Posterior_fornix
OTU_97.44002,Mid_vagina
OTU_97.44004,Subgingival_plaque
OTU_97.44005,Mid_vagina
OTU_97.44005,Buccal_mucosa
OTU_97.44005,Palatine_Tonsils
OTU_97.44005,Hard_palate
OTU_97.4401,Posterior_fornix
OTU_97.44011,Attached_Keratinized_gingiva
OTU_97.44011,Posterior_fornix
OTU_97.44013,Posterior_fornix
OTU_97.44013,Buccal_mucosa
OTU_97.44019,Palatine_Tonsils
OTU_97.44020,Stool
OTU_97.44022,Stool
OTU_97.44022,Subgingival_plaque
OTU_97.44022,Posterior_fornix
OTU_97.44022,Palatine_Tonsils
OTU_97.44025,Subgingival_plaque
OTU_97.44025,Hard_palate
OTU_97.44027,Buccal_mucosa
OTU_97.4403,Posterior_fornix
OTU_97.4403,Tongue_dorsum
OTU_97.44034,Stool
OTU_97.44036,Attached_Keratinized_gingiva
OTU_97.44036,Hard_palate
OTU_97.44037,Attached_Keratinized_gingiva
OTU_97.4404,Anterior_nares
OTU_97.44045,Throat
OTU_97.44048,Throat
OTU_97.44048,Anterior_nares
OTU_97.44058,Palatine_Tonsils
OTU_97.44059,Attached_Keratinized_gingiva
OTU_97.44059,Saliva
OTU_97.44059,Anterior_nares
OTU_97.44060,Anterior_nares
OTU_97.44070,Subgingival_plaque
OTU_97.44070,Left_Retroauricular_crease
OTU_97.44075,Subgingival_plaque
OTU_97.44075,Supragingival_plaque
OTU_97.44075,Right_Retroauricular_crease
OTU_97.44078,Hard_palate
OTU_97.44080,Throat
OTU_97.44081,Attached_Keratinized_gingiva
OTU_97.44085,Palatine_Tonsils
OTU_97.44085,Hard_palate
OTU_97.44085,Anterior_nares
OTU_97.44087,Palatine_Tonsils
OTU_97.44089,Saliva
OTU_97.44089,Anterior_nares
OTU_97.44090,Anterior_nares
OTU_97.44091,Subgingival_plaque
OTU_97.44091,Saliva
OTU_97.44091,Right_Retroauricular_crease
OTU_97.44092,Subgingival_plaque
OTU_97.44094,Throat
OTU_97.44096,Right_Retroauricular_crease
OTU_97.441,Posterior_fornix
OTU_97.441,Tongue_dorsum
OTU_97.44101,Attached_Keratinized_gingiva
OTU_97.44102,Buccal_mucosa
OTU_97.44106,Hard_palate
OTU_97.44116,Attached_Keratinized_gingiva
OTU_97.44117,Throat
OTU_97.44117,Palatine_Tonsils
OTU_97.44117,Left_Retroauricular_crease
OTU_97.44121,Subgingival_plaque
OTU_97.44123,Mid_vagina
OTU_97.44123,Hard_palate
OTU_97.44125,Saliva
OTU_97.44125,Mid_vagina
OTU_97.44128,Tongue_dorsum
OTU_97.44128,Left_Retroauricular_crease
OTU_97.44129,Posterior_fornix
OTU_97.44130,Attached_Keratinized_gingiva
OTU_97.44134,Stool
OTU_97.44142,Anterior_nares
OTU_97.44148,Hard_palate
OTU_97.44152,Throat
OTU_97.44152,Palatine_Tonsils
OTU_97.44157,Hard_palate
OTU_97.44158,Supragingival_plaque
OTU_97.44158,Saliva
OTU_97.44161,Buccal_mucosa
OTU_97.44166,Anterior_nares
OTU_97.44167,Anterior_nares
OTU_97.44175,Hard_palate
OTU_97.44176,Saliva
OTU_97.44176,Mid_vagina
OTU_97.44184,Stool
OTU_97.44188,Throat
OTU_97.44188,Subgingival_plaque
OTU_97.44188,Attached_Keratinized_gingiva
OTU_97.44200,Mid_vagina
OTU_97.44200,Tongue_dorsum
OTU_97.44200,Hard_palate
OTU_97.44202,Throat
OTU_97.44202,Mid_vagina
OTU_97.44204,Posterior_fornix
OTU_97.44204,Buccal_mucosa
OTU_97.44210,Right_Retroauricular_crease
OTU_97.44211,Posterior_fornix
OTU_97.44213,Stool
OTU_97.44214,Saliva
OTU_97.44214,Anterior_nares
OTU_97.44220,Anterior_nares
OTU_97.44222,Posterior_fornix
OTU_97.44222,Hard_palate
OTU_97.44223,Throat
OTU_97.44228,Anterior_nares
OTU_97.44232,Right_Retroauricular_crease
OTU_97.44237,Buccal_mucosa
OTU_97.44247,Supragingival_plaque
OTU_97.44247,Left_Retroauricular_crease
OTU_97.44250,Palatine_Tonsils
OTU_97.44254,Throat
OTU_97.44254,Anterior_nares
OTU_97.44262,Subgingival_plaque
OTU_97.44262,Buccal_mucosa
OTU_97.44262,Palatine_Tonsils
OTU_97.44265,Throat
OTU_97.44265,Mid_vagina
OTU_97.44267,Buccal_mucosa
OTU_97.44273,Subgingival_plaque
OTU_97.44279,Subgingival_plaque
OTU_97.4428,Throat
OTU_97.4428,Supragingival_plaque
OTU_97.4428,Left_Retroauricular_crease
OTU_97.44280,Stool
OTU_97.44281,Mid_vagina
OTU_97.44281,Right_Retroauricular_crease
OTU_97.44288,Saliva
OTU_97.44288,Buccal_mucosa
OTU_97.44288,Left_Retroauricular_crease
OTU_97.44294,Subgingival_plaque
OTU_97.44297,Subgingival_plaque
OTU_97.44297,Attached_Keratinized_gingiva
OTU_97.44298,Supragingival_plaque
OTU_97.44299,Throat
OTU_97.44299,Supragingival_plaque
OTU_97.44299,Anterior_nares
OTU_97.44301,Anterior_nares
OTU_97.44303,Subgingival_plaque
OTU_97.44303,Buccal_mucosa
OTU_97.44304,Subgingival_plaque
OTU_97.44304,Mid_vagina
OTU_97.44305,Subgingival_plaque
OTU_97.44305,Saliva
OTU_97.44306,Left_Retroauricular_crease
OTU_97.44306,Anterior_nares
OTU_97.44307,Tongue_dorsum
OTU_97.44308,Palatine_Tonsils
OTU_97.44309,Attached_Keratinized_gingiva
OTU_97.44311,Left_Retroauricular_crease
OTU_97.44312,Posterior_fornix
OTU_97.44314,Tongue_dorsum
OTU_97.44314,Hard_palate
OTU_97.44315,Supragingival_plaque
OTU_97.44316,Palatine_Tonsils
OTU_97.44317,Attached_Keratinized_gingiva
OTU_97.4432,Anterior_nares
OTU_97.44322,Left_Retroauricular_crease
OTU_97.44323,Stool
OTU_97.44323,Attached_Keratinized_gingiva
OTU_97.44323,Left_Retroauricular_crease
OTU_97.44325,Stool
OTU_97.44327,Throat
OTU_97.4433,Buccal_mucosa
OTU_97.44330,Saliva
OTU_97.44330,Posterior_fornix
OTU_97.44330,Mid_vagina
OTU_97.44330,Buccal_mucosa
OTU_97.44334,Mid_vagina
OTU_97.44334,Anterior_nares
OTU_97.44336,Posterior_fornix
OTU_97.44341,Throat
OTU_97.44345,Tongue_dorsum
OTU_97.44363,Tongue_dorsum
OTU_97.44363,Left_Retroauricular_crease
OTU_97.44368,Attached_Keratinized_gingiva
OTU_97.44370,Posterior_fornix
OTU_97.44370,Left_Retroauricular_crease
OTU_97.44371,Mid_vagina
OTU_97.44371,Right_Retroauricular_crease
OTU_97.44375,Posterior_fornix
OTU_97.44380,Supragingival_plaque
OTU_97.44381,Subgingival_plaque
OTU_97.44382,Supragingival_plaque
OTU_97.44385,Supragingival_plaque
OTU_97.44385,Right_Retroauricular_crease
OTU_97.44387,Stool
OTU_97.44392,Left_Retroauricular_crease
OTU_97.44392,Right_Retroauricular_crease
OTU_97.44394,Saliva
OTU_97.44398,Buccal_mucosa
OTU_97.4440,Saliva
OTU_97.4440,Posterior_fornix
OTU_97.4440,Palatine_Tonsils
OTU_97.44400,Throat
OTU_97.44401,Saliva
OTU_97.44401,Anterior_nares
OTU_97.44403,Mid_vagina
OTU_97.44406,Right_Retroauricular_crease
OTU_97.44412,Supragingival_plaque
OTU_97.44415,Stool
OTU_97.44415,Right_Retroauricular_crease
OTU_97.44417,Left_Retroauricular_crease
OTU_97.44418,Posterior_fornix
OTU_97.44418,Tongue_dorsum
OTU_97.44421,Buccal_mucosa
OTU_97.44421,Right_Retroauricular_crease
OTU_97.44422,Throat
OTU_97.44422,Right_Retroauricular_crease
OTU_97.44423,Tongue_dorsum
OTU_97.44423,Left_Retroauricular_crease
OTU_97.44424,Throat
OTU_97.44424,Palatine_Tonsils
OTU_97.44427,Stool
OTU_97.44431,Subgingival_plaque
OTU_97.44433,Buccal_mucosa
OTU_97.44434,Posterior_fornix
OTU_97.44437,Buccal_mucosa
OTU_97.44440,Subgingival_plaque
OTU_97.44440,Posterior_fornix
OTU_97.44447,Posterior_fornix
OTU_97.44447,Mid_vagina
OTU_97.44447,Hard_palate
OTU_97.44448,Left_Retroauricular_crease
OTU_97.44450,Supragingival_plaque
OTU_97.44451,Tongue_dorsum
OTU_97.44452,Supragingival_plaque
OTU_97.44452,Buccal_mucosa
OTU_97.44452,Anterior_nares
OTU_97.44455,Buccal_mucosa
OTU_97.44455,Right_Retroauricular_crease
OTU_97.44463,Mid_vagina
OTU_97.44463,Tongue_dorsum
OTU_97.44463,Right_Retroauricular_crease
OTU_97.44464,Attached_Keratinized_gingiva
OTU_97.44467,Attached_Keratinized_gingiva
OTU_97.44467,Buccal_mucosa
OTU_97.44470,Palatine_Tonsils
OTU_97.44470,Hard_palate
OTU_97.44475,Subgingival_plaque
OTU_97.44478,Posterior_fornix
OTU_97.44478,Mid_vagina
OTU_97.44478,Palatine_Tonsils
OTU_97.44480,Supragingival_plaque
OTU_97.44485,Supragingival_plaque
OTU_97.44486,Posterior_fornix
OTU_97.44487,Left_Retroauricular_crease
OTU_97.44491,Throat
OTU_97.44491,Buccal_mucosa
OTU_97.44494,Attached_Keratinized_gingiva
OTU_97.44494,Saliva
OTU_97.44494,Buccal_mucosa
OTU_97.44494,Right_Retroauricular_crease
OTU_97.44495,Supragingival_plaque
OTU_97.44495,Attached_Keratinized_gingiva
OTU_97.44495,Left_Retroauricular_crease
OTU_97.44495,Right_Retroauricular_crease
OTU_97.44498,Subgingival_plaque
OTU_97.44498,Saliva
OTU_97.44498,Posterior_fornix
OTU_97.44499,Stool
OTU_97.44499,Supragingival_plaque
OTU_97.44502,Mid_vagina
OTU_97.44503,Supragingival_plaque
OTU_97.44503,Saliva
OTU_97.44503,Buccal_mucosa
OTU_97.44504,Subgingival_plaque
OTU_97.44504,Palatine_Tonsils
OTU_97.44504,Hard_palate
OTU_97.44506,Tongue_dorsum
OTU_97.44507,Saliva
OTU_97.44507,Palatine_Tonsils
OTU_97.44509,Stool
OTU_97.44509,Left_Retroauricular_crease
OTU_97.4451,Tongue_dorsum
OTU_97.44512,Anterior_nares
OTU_97.44514,Mid_vagina
OTU_97.44514,Anterior_nares
OTU_97.44518,Throat
OTU_97.44518,Saliva
OTU_97.44518,Mid_vagina
OTU_97.44521,Stool
OTU_97.44521,Saliva
OTU_97.44522,Mid_vagina
OTU_97.44523,Tongue_dorsum
OTU_97.44524,Tongue_dorsum
OTU_97.44525,Tongue_dorsum
OTU_97.44532,Subgingival_plaque
OTU_97.44537,Throat
OTU_97.44538,Palatine_Tonsils
OTU_97.44538,Hard_palate
OTU_97.44539,Left_Retroauricular_crease
OTU_97.44539,Anterior_nares
OTU_97.44545,Posterior_fornix
OTU_97.44549,Palatine_Tonsils
OTU_97.44549,Anterior_nares
OTU_97.4455,Mid_vagina
OTU_97.4455,Tongue_dorsum
OTU_97.44550,Right_Retroauricular_crease
OTU_97.44552,Left_Retroauricular_crease
OTU_97.44555,Subgingival_plaque
OTU_97.44555,Saliva
OTU_97.44559,Posterior_fornix
OTU_97.44559,Mid_vagina
OTU_97.44563,Mid_vagina
OTU_97.44564,Saliva
OTU_97.44565,Left_Retroauricular_crease
OTU_97.44569,Throat
OTU_97.44569,Hard_palate
OTU_97.44571,Mid_vagina
OTU_97.44574,Posterior_fornix
OTU_97.44574,Mid_vagina
OTU_97.44578,Throat
OTU_97.44578,Attached_Keratinized_gingiva
OTU_97.44579,Supragingival_plaque
OTU_97.44579,Left_Retroauricular_crease
OTU_97.44581,Subgingival_plaque
OTU_97.44581,Buccal_mucosa
OTU_97.44581,Hard_palate
OTU_97.44582,Tongue_dorsum
OTU_97.44585,Stool
OTU_97.44586,Supragingival_plaque
OTU_97.44586,Right_Retroauricular_crease
OTU_97.44590,Stool
OTU_97.44590,Saliva
OTU_97.44591,Buccal_mucosa
OTU_97.44591,Tongue_dorsum
OTU_97.44591,Left_Retroauricular_crease
OTU_97.44592,Subgingival_plaque
OTU_97.44594,Saliva
OTU_97.44594,Right_Retroauricular_crease
OTU_97.44595,Buccal_mucosa
OTU_97.44595,Palatine_Tonsils
OTU_97.44597,Stool
OTU_97.44597,Supragingival_plaque
OTU_97.44597,Attached_Keratinized_gingiva
OTU_97.44597,Posterior_fornix
OTU_97.44599,Saliva
OTU_97.44599,Tongue_dorsum
OTU_97.44601,Buccal_mucosa
OTU_97.44602,Throat
OTU_97.44602,Subgingival_plaque
OTU_97.44604,Supragingival_plaque
OTU_97.44605,Posterior_fornix
OTU_97.44605,Buccal_mucosa
OTU_97.44617,Attached_Keratinized_gingiva
OTU_97.44620,Throat
OTU_97.44620,Posterior_fornix
OTU_97.44620,Mid_vagina
OTU_97.44625,Posterior_fornix
OTU_97.44625,Tongue_dorsum
OTU_97.44629,Buccal_mucosa
OTU_97.44629,Tongue_dorsum
OTU_97.44630,Supragingival_plaque
OTU_97.44631,Supragingival_plaque
OTU_97.44631,Buccal_mucosa
OTU_97.44637,Buccal_mucosa
OTU_97.44644,Right_Retroauricular_crease
OTU_97.44656,Throat
OTU_97.44657,Hard_palate
OTU_97.44658,Throat
OTU_97.44658,Saliva
OTU_97.44660,Throat
OTU_97.44665,Posterior_fornix
OTU_97.44665,Hard_palate
OTU_97.44669,Subgingival_plaque
OTU_97.44674,Posterior_fornix
OTU_97.44674,Palatine_Tonsils
OTU_97.44678,Saliva
OTU_97.44683,Stool
OTU_97.44683,Left_Retroauricular_crease
OTU_97.44684,Buccal_mucosa
OTU_97.44684,Tongue_dorsum
OTU_97.44684,Left_Retroauricular_crease
OTU_97.44687,Anterior_nares
OTU_97.44693,Subgingival_plaque
OTU_97.44693,Palatine_Tonsils
OTU_97.44695,Right_Retroauricular_crease
OTU_97.44698,Saliva
OTU_97.44698,Anterior_nares
OTU_97.44699,Stool
OTU_97.44700,Throat
OTU_97.44702,Posterior_fornix
OTU_97.44703,Throat
OTU_97.44706,Stool
OTU_97.44706,Anterior_nares
OTU_97.44709,Palatine_Tonsils
OTU_97.44711,Subgingival_plaque
OTU_97.44711,Hard_palate
OTU_97.44722,Buccal_mucosa
OTU_97.44725,Throat
OTU_97.44725,Saliva
OTU_97.44725,Palatine_Tonsils
OTU_97.44726,Stool
OTU_97.44726,Mid_vagina
OTU_97.44726,Anterior_nares
OTU_97.44729,Saliva
OTU_97.44736,Throat
OTU_97.44744,Saliva
OTU_97.44747,Throat
OTU_97.44747,Tongue_dorsum
OTU_97.44747,Anterior_nares
OTU_97.44748,Buccal_mucosa
OTU_97.44754,Right_Retroauricular_crease
OTU_97.44754,Anterior_nares
OTU_97.44765,Tongue_dorsum
OTU_97.44767,Right_Retroauricular_crease
OTU_97.44769,Saliva
OTU_97.44769,Mid_vagina
OTU_97.44780,Mid_vagina
OTU_97.44780,Palatine_Tonsils
OTU_97.44781,Subgingival_plaque
OTU_97.44783,Subgingival_plaque
OTU_97.44788,Stool
OTU_97.44788,Throat
OTU_97.4479,Palatine_Tonsils
OTU_97.44792,Right_Retroauricular_crease
OTU_97.44794,Mid_vagina
OTU_97.44795,Throat
OTU_97.44795,Mid_vagina
OTU_97.44795,Right_Retroauricular_crease
OTU_97.44796,Anterior_nares
OTU_97.44798,Subgingival_plaque
OTU_97.44798,Anterior_nares
OTU_97.44801,Tongue_dorsum
OTU_97.44814,Posterior_fornix
OTU_97.44820,Buccal_mucosa
OTU_97.44820,Hard_palate
OTU_97.44820,Left_Retroauricular_crease
OTU_97.44826,Buccal_mucosa
OTU_97.44826,Tongue_dorsum
OTU_97.44827,Hard_palate
OTU_97.44833,Subgingival_plaque
OTU_97.44835,Right_Retroauricular_crease
OTU_97.44836,Palatine_Tonsils
OTU_97.44836,Tongue_dorsum
OTU_97.44838,Attached_Keratinized_gingiva
OTU_97.44840,Hard_palate
OTU_97.44845,Throat
OTU_97.44846,Mid_vagina
OTU_97.44846,Buccal_mucosa
OTU_97.44851,Palatine_Tonsils
OTU_97.44853,Attached_Keratinized_gingiva
OTU_97.44853,Buccal_mucosa
OTU_97.44855,Stool
OTU_97.44856,Throat
OTU_97.44856,Posterior_fornix
OTU_97.44865,Throat
OTU_97.44868,Subgingival_plaque
OTU_97.44868,Mid_vagina
OTU_97.44868,Right_Retroauricular_crease
OTU_97.44875,Stool
OTU_97.44875,Hard_palate
OTU_97.44878,Left_Retroauricular_crease
OTU_97.44881,Supragingival_plaque
OTU_97.44883,Throat
OTU_97.44886,Palatine_Tonsils
OTU_97.44891,Supragingival_plaque
OTU_97.44891,Hard_palate
OTU_97.44891,Left_Retroauricular_crease
OTU_97.44892,Palatine_Tonsils
OTU_97.44893,Saliva
OTU_97.44898,Throat
OTU_97.44899,Stool
OTU_97.44899,Right_Retroauricular_crease
OTU_97.44899,Anterior_nares
OTU_97.44900,Buccal_mucosa
OTU_97.44905,Posterior_fornix
OTU_97.44911,Stool
OTU_97.44914,Saliva
OTU_97.44919,Palatine_Tonsils
OTU_97.44929,Mid_vagina
OTU_97.44931,Posterior_fornix
OTU_97.44935,Attached_Keratinized_gingiva
OTU_97.44941,Left_Retroauricular_crease
OTU_97.44943,Stool
OTU_97.44943,Posterior_fornix
OTU_97.44944,Posterior_fornix
OTU_97.44945,Throat
OTU_97.44945,Right_Retroauricular_crease
OTU_97.44946,Stool
OTU_97.44946,Palatine_Tonsils
OTU_97.44948,Buccal_mucosa
OTU_97.44950,Throat
OTU_97.44952,Saliva
OTU_97.44952,Right_Retroauricular_crease
OTU_97.44953,Supragingival_plaque
OTU_97.44953,Left_Retroauricular_crease
OTU_97.44957,Subgingival_plaque
OTU_97.44958,Palatine_Tonsils
OTU_97.4496,Palatine_Tonsils
OTU_97.44961,Supragingival_plaque
OTU_97.44961,Left_Retroauricular_crease
OTU_97.44963,Attached_Keratinized_gingiva
OTU_97.44970,Attached_Keratinized_gingiva
OTU_97.44972,Throat
OTU_97.44972,Hard_palate
OTU_97.44972,Left_Retroauricular_crease
OTU_97.44974,Mid_vagina
OTU_97.44974,Buccal_mucosa
OTU_97.44975,Supragingival_plaque
OTU_97.44981,Attached_Keratinized_gingiva
OTU_97.44981,Saliva
OTU_97.44987,Supragingival_plaque
OTU_97.44987,Right_Retroauricular_crease
OTU_97.44990,Throat
OTU_97.44990,Mid_vagina
OTU_97.44991,Attached_Keratinized_gingiva
OTU_97.44991,Right_Retroauricular_crease
OTU_97.44996,Stool
OTU_97.44997,Buccal_mucosa
OTU_97.44998,Saliva
OTU_97.44998,Anterior_nares
OTU_97.44999,Saliva
OTU_97.45,Buccal_mucosa
OTU_97.450,Posterior_fornix
OTU_97.45000,Stool
OTU_97.45000,Buccal_mucosa
OTU_97.45001,Left_Retroauricular_crease
OTU_97.45007,Attached_Keratinized_gingiva
OTU_97.45010,Mid_vagina
OTU_97.45010,Palatine_Tonsils
OTU_97.45011,Stool
OTU_97.45012,Supragingival_plaque
OTU_97.45014,Subgingival_plaque
OTU_97.45014,Anterior_nares
OTU_97.45016,Buccal_mucosa
OTU_97.45016,Left_Retroauricular_crease
OTU_97.45020,Saliva
OTU_97.45020,Hard_palate
OTU_97.45028,Hard_palate
OTU_97.4503,Throat
OTU_97.4503,Posterior_fornix
OTU_97.4503,Tongue_dorsum
OTU_97.45030,Right_Retroauricular_crease
OTU_97.45033,Palatine_Tonsils
OTU_97.45034,Tongue_dorsum
OTU_97.45035,Tongue_dorsum
OTU_97.45036,Supragingival_plaque
OTU_97.4504,Mid_vagina
OTU_97.4504,Hard_palate
OTU_97.45043,Saliva
OTU_97.45045,Posterior_fornix
OTU_97.45048,Stool
OTU_97.45048,Posterior_fornix
OTU_97.45050,Attached_Keratinized_gingiva
OTU_97.45050,Buccal_mucosa
OTU_97.45050,Anterior_nares
OTU_97.45052,Palatine_Tonsils
OTU_97.45053,Right_Retroauricular_crease
OTU_97.45057,Stool
OTU_97.45058,Stool
OTU_97.45058,Saliva
OTU_97.45058,Mid_vagina
OTU_97.4506,Anterior_nares
OTU_97.45063,Buccal_mucosa
OTU_97.45070,Stool
OTU_97.45080,Stool
OTU_97.45080,Subgingival_plaque
OTU_97.45080,Palatine_Tonsils
OTU_97.45081,Right_Retroauricular_crease
OTU_97.45082,Right_Retroauricular_crease
OTU_97.45085,Stool
OTU_97.45085,Buccal_mucosa
OTU_97.45085,Right_Retroauricular_crease
OTU_97.45086,Left_Retroauricular_crease
OTU_97.45087,Attached_Keratinized_gingiva
OTU_97.45087,Anterior_nares
OTU_97.45092,Mid_vagina
OTU_97.45096,Supragingival_plaque
OTU_97.45096,Left_Retroauricular_crease
OTU_97.45099,Anterior_nares
OTU_97.45102,Stool
OTU_97.45102,Supragingival_plaque
OTU_97.45103,Subgingival_plaque
OTU_97.45103,Posterior_fornix
OTU_97.45106,Tongue_dorsum
OTU_97.45107,Mid_vagina
OTU_97.45107,Tongue_dorsum
OTU_97.45109,Right_Retroauricular_crease
OTU_97.45109,Anterior_nares
OTU_97.45110,Buccal_mucosa
OTU_97.45110,Palatine_Tonsils
OTU_97.45113,Throat
OTU_97.45114,Saliva
OTU_97.45114,Posterior_fornix
OTU_97.45117,Attached_Keratinized_gingiva
OTU_97.45117,Hard_palate
OTU_97.45120,Supragingival_plaque
OTU_97.45122,Throat
OTU_97.45126,Mid_vagina
OTU_97.45127,Throat
OTU_97.45128,Throat
OTU_97.45128,Subgingival_plaque
OTU_97.45130,Tongue_dorsum
OTU_97.45132,Supragingival_plaque
OTU_97.45132,Hard_palate
OTU_97.45134,Throat
OTU_97.45134,Posterior_fornix
OTU_97.45135,Right_Retroauricular_crease
OTU_97.45141,Tongue_dorsum
OTU_97.45143,Saliva
OTU_97.45143,Tongue_dorsum
OTU_97.45146,Hard_palate
OTU_97.45148,Throat
OTU_97.45160,Attached_Keratinized_gingiva
OTU_97.45160,Anterior_nares
OTU_97.45161,Saliva
OTU_97.45166,Saliva
OTU_97.4518,Stool
OTU_97.4518,Buccal_mucosa
OTU_97.45180,Tongue_dorsum
OTU_97.45185,Saliva
OTU_97.45188,Hard_palate
OTU_97.45188,Right_Retroauricular_crease
OTU_97.45189,Saliva
OTU_97.45192,Palatine_Tonsils
OTU_97.45194,Hard_palate
OTU_97.45195,Tongue_dorsum
OTU_97.45196,Subgingival_plaque
OTU_97.45196,Posterior_fornix
OTU_97.45196,Left_Retroauricular_crease
OTU_97.45200,Supragingival_plaque
OTU_97.45205,Hard_palate
OTU_97.45210,Posterior_fornix
OTU_97.45212,Saliva
OTU_97.45212,Mid_vagina
OTU_97.45212,Buccal_mucosa
OTU_97.45212,Left_Retroauricular_crease
OTU_97.45213,Subgingival_plaque
OTU_97.45213,Hard_palate
OTU_97.45213,Right_Retroauricular_crease
OTU_97.45217,Subgingival_plaque
OTU_97.45221,Tongue_dorsum
OTU_97.45223,Mid_vagina
OTU_97.45225,Supragingival_plaque
OTU_97.45228,Stool
OTU_97.45229,Attached_Keratinized_gingiva
OTU_97.45230,Subgingival_plaque
OTU_97.45231,Hard_palate
OTU_97.45233,Saliva
OTU_97.45233,Left_Retroauricular_crease
OTU_97.45239,Subgingival_plaque
OTU_97.45240,Stool
OTU_97.45246,Subgingival_plaque
OTU_97.45246,Attached_Keratinized_gingiva
OTU_97.45250,Stool
OTU_97.45250,Palatine_Tonsils
OTU_97.45252,Right_Retroauricular_crease
OTU_97.45252,Anterior_nares
OTU_97.45253,Stool
OTU_97.45253,Mid_vagina
OTU_97.45253,Hard_palate
OTU_97.45257,Subgingival_plaque
OTU_97.45257,Buccal_mucosa
OTU_97.45260,Saliva
OTU_97.45260,Tongue_dorsum
OTU_97.45260,Hard_palate
OTU_97.45261,Buccal_mucosa
OTU_97.45262,Subgingival_plaque
OTU_97.45263,Mid_vagina
OTU_97.45263,Right_Retroauricular_crease
OTU_97.45264,Buccal_mucosa
OTU_97.45265,Subgingival_plaque
OTU_97.45265,Hard_palate
OTU_97.45266,Mid_vagina
OTU_97.45266,Right_Retroauricular_crease
OTU_97.45276,Buccal_mucosa
OTU_97.45277,Stool
OTU_97.45277,Subgingival_plaque
OTU_97.45277,Anterior_nares
OTU_97.45279,Buccal_mucosa
OTU_97.45281,Throat
OTU_97.45281,Subgingival_plaque
OTU_97.45289,Attached_Keratinized_gingiva
OTU_97.4529,Tongue_dorsum
OTU_97.45290,Mid_vagina
OTU_97.45291,Anterior_nares
OTU_97.45292,Saliva
OTU_97.45293,Attached_Keratinized_gingiva
OTU_97.45293,Palatine_Tonsils
OTU_97.45294,Stool
OTU_97.45295,Throat
OTU_97.45295,Saliva
OTU_97.45295,Palatine_Tonsils
OTU_97.45297,Supragingival_plaque
OTU_97.45297,Posterior_fornix
OTU_97.45297,Left_Retroauricular_crease
OTU_97.45303,Attached_Keratinized_gingiva
OTU_97.45305,Saliva
OTU_97.45306,Throat
OTU_97.45307,Buccal_mucosa
OTU_97.45309,Mid_vagina
OTU_97.45310,Subgingival_plaque
OTU_97.45310,Posterior_fornix
OTU_97.45311,Stool
OTU_97.45316,Attached_Keratinized_gingiva
OTU_97.45316,Anterior_nares
OTU_97.45317,Left_Retroauricular_crease
OTU_97.45320,Attached_Keratinized_gingiva
OTU_97.45320,Palatine_Tonsils
OTU_97.45321,Left_Retroauricular_crease
OTU_97.45322,Tongue_dorsum
OTU_97.45324,Subgingival_plaque
OTU_97.45326,Mid_vagina
OTU_97.45328,Hard_palate
OTU_97.45328,Right_Retroauricular_crease
OTU_97.4533,Stool
OTU_97.4533,Attached_Keratinized_gingiva
OTU_97.4533,Left_Retroauricular_crease
OTU_97.45331,Subgingival_plaque
OTU_97.45334,Throat
OTU_97.45334,Hard_palate
OTU_97.45337,Stool
OTU_97.45337,Saliva
OTU_97.45337,Posterior_fornix
OTU_97.45338,Posterior_fornix
OTU_97.45339,Throat
OTU_97.45339,Buccal_mucosa
OTU_97.45339,Left_Retroauricular_crease
OTU_97.4534,Stool
OTU_97.45340,Palatine_Tonsils
OTU_97.45344,Throat
OTU_97.45345,Tongue_dorsum
OTU_97.45346,Hard_palate
OTU_97.45346,Anterior_nares
OTU_97.45352,Buccal_mucosa
OTU_97.45353,Stool
OTU_97.45353,Supragingival_plaque
OTU_97.45353,Buccal_mucosa
OTU_97.45355,Stool
OTU_97.45358,Subgingival_plaque
OTU_97.45358,Buccal_mucosa
OTU_97.45358,Tongue_dorsum
OTU_97.45358,Hard_palate
OTU_97.45362,Supragingival_plaque
OTU_97.45363,Supragingival_plaque
OTU_97.45365,Attached_Keratinized_gingiva
OTU_97.45365,Palatine_Tonsils
OTU_97.45365,Hard_palate
OTU_97.45366,Stool
OTU_97.45369,Stool
OTU_97.45369,Saliva
OTU_97.45369,Palatine_Tonsils
OTU_97.45371,Tongue_dorsum
OTU_97.45372,Attached_Keratinized_gingiva
OTU_97.45372,Anterior_nares
OTU_97.45373,Anterior_nares
OTU_97.45376,Throat
OTU_97.45376,Anterior_nares
OTU_97.45379,Palatine_Tonsils
OTU_97.45381,Supragingival_plaque
OTU_97.45381,Anterior_nares
OTU_97.45382,Stool
OTU_97.45390,Palatine_Tonsils
OTU_97.45392,Stool
OTU_97.45392,Left_Retroauricular_crease
OTU_97.45396,Stool
OTU_97.45398,Stool
OTU_97.454,Attached_Keratinized_gingiva
OTU_97.454,Mid_vagina
OTU_97.4540,Throat
OTU_97.4540,Attached_Keratinized_gingiva
OTU_97.4540,Anterior_nares
OTU_97.4541,Stool
OTU_97.4541,Palatine_Tonsils
OTU_97.45413,Attached_Keratinized_gingiva
OTU_97.45413,Tongue_dorsum
OTU_97.45414,Saliva
OTU_97.45414,Posterior_fornix
OTU_97.45414,Hard_palate
OTU_97.45414,Right_Retroauricular_crease
OTU_97.45415,Saliva
OTU_97.45415,Hard_palate
OTU_97.45418,Left_Retroauricular_crease
OTU_97.45418,Right_Retroauricular_crease
OTU_97.45419,Buccal_mucosa
OTU_97.45423,Subgingival_plaque
OTU_97.45424,Subgingival_plaque
OTU_97.45424,Palatine_Tonsils
OTU_97.45425,Palatine_Tonsils
OTU_97.45425,Right_Retroauricular_crease
OTU_97.45428,Saliva
OTU_97.45428,Buccal_mucosa
OTU_97.45429,Stool
OTU_97.45429,Saliva
OTU_97.45431,Saliva
OTU_97.45433,Right_Retroauricular_crease
OTU_97.45434,Saliva
OTU_97.45434,Mid_vagina
OTU_97.45434,Left_Retroauricular_crease
OTU_97.45439,Stool
OTU_97.45439,Throat
OTU_97.45439,Right_Retroauricular_crease
OTU_97.45441,Stool
OTU_97.45441,Buccal_mucosa
OTU_97.45443,Subgingival_plaque
OTU_97.45443,Left_Retroauricular_crease
OTU_97.45445,Buccal_mucosa
OTU_97.45445,Right_Retroauricular_crease
OTU_97.45446,Stool
OTU_97.45446,Throat
OTU_97.45446,Subgingival_plaque
OTU_97.45446,Left_Retroauricular_crease
OTU_97.45455,Mid_vagina
OTU_97.45455,Tongue_dorsum
OTU_97.4556,Supragingival_plaque
OTU_97.4556,Palatine_Tonsils
OTU_97.4576,Hard_palate
OTU_97.4592,Mid_vagina
OTU_97.4592,Left_Retroauricular_crease
OTU_97.4595,Subgingival_plaque
OTU_97.4595,Attached_Keratinized_gingiva
OTU_97.4595,Right_Retroauricular_crease
OTU_97.4599,Throat
OTU_97.4599,Supragingival_plaque
OTU_97.461,Saliva
OTU_97.4615,Supragingival_plaque
OTU_97.4615,Hard_palate
OTU_97.462,Posterior_fornix
OTU_97.462,Left_Retroauricular_crease
OTU_97.4621,Mid_vagina
OTU_97.4621,Palatine_Tonsils
OTU_97.4632,Attached_Keratinized_gingiva
OTU_97.4632,Buccal_mucosa
OTU_97.4632,Left_Retroauricular_crease
OTU_97.4632,Right_Retroauricular_crease
OTU_97.4635,Buccal_mucosa
OTU_97.4635,Palatine_Tonsils
OTU_97.4668,Hard_palate
OTU_97.468,Hard_palate
OTU_97.47,Left_Retroauricular_crease
OTU_97.4707,Palatine_Tonsils
OTU_97.4713,Tongue_dorsum
OTU_97.4713,Right_Retroauricular_crease
OTU_97.4723,Throat
OTU_97.4724,Supragingival_plaque
OTU_97.4731,Hard_palate
OTU_97.4732,Left_Retroauricular_crease
OTU_97.4740,Posterior_fornix
OTU_97.4740,Hard_palate
OTU_97.4756,Supragingival_plaque
OTU_97.4756,Posterior_fornix
OTU_97.4756,Buccal_mucosa
OTU_97.4758,Hard_palate
OTU_97.4758,Anterior_nares
OTU_97.4762,Mid_vagina
OTU_97.4762,Tongue_dorsum
OTU_97.4762,Left_Retroauricular_crease
OTU_97.4763,Attached_Keratinized_gingiva
OTU_97.4763,Hard_palate
OTU_97.4767,Palatine_Tonsils
OTU_97.479,Supragingival_plaque
OTU_97.479,Saliva
OTU_97.48,Stool
OTU_97.48,Saliva
OTU_97.48,Tongue_dorsum
OTU_97.4808,Posterior_fornix
OTU_97.4808,Buccal_mucosa
OTU_97.481,Saliva
OTU_97.4822,Stool
OTU_97.4822,Buccal_mucosa
OTU_97.4840,Throat
OTU_97.4840,Left_Retroauricular_crease
OTU_97.4844,Supragingival_plaque
OTU_97.4844,Anterior_nares
OTU_97.4845,Stool
OTU_97.4845,Buccal_mucosa
OTU_97.4848,Posterior_fornix
OTU_97.4848,Left_Retroauricular_crease
OTU_97.4868,Stool
OTU_97.4868,Throat
OTU_97.487,Supragingival_plaque
OTU_97.4884,Saliva
OTU_97.4884,Palatine_Tonsils
OTU_97.4884,Right_Retroauricular_crease
OTU_97.4886,Buccal_mucosa
OTU_97.4886,Anterior_nares
OTU_97.489,Attached_Keratinized_gingiva
OTU_97.489,Mid_vagina
OTU_97.4897,Mid_vagina
OTU_97.4897,Left_Retroauricular_crease
OTU_97.4897,Anterior_nares
OTU_97.49,Stool
OTU_97.49,Anterior_nares
OTU_97.4900,Supragingival_plaque
OTU_97.4900,Right_Retroauricular_crease
OTU_97.4901,Supragingival_plaque
OTU_97.4913,Subgingival_plaque
OTU_97.4913,Hard_palate
OTU_97.4913,Right_Retroauricular_crease
OTU_97.4920,Right_Retroauricular_crease
OTU_97.4921,Attached_Keratinized_gingiva
OTU_97.4938,Subgingival_plaque
OTU_97.4942,Buccal_mucosa
OTU_97.4942,Anterior_nares
OTU_97.4946,Subgingival_plaque
OTU_97.4946,Posterior_fornix
OTU_97.4946,Left_Retroauricular_crease
OTU_97.4949,Right_Retroauricular_crease
OTU_97.496,Subgingival_plaque
OTU_97.496,Posterior_fornix
OTU_97.4971,Stool
OTU_97.4971,Tongue_dorsum
OTU_97.4972,Attached_Keratinized_gingiva
OTU_97.4975,Supragingival_plaque
OTU_97.4975,Right_Retroauricular_crease
OTU_97.498,Attached_Keratinized_gingiva
OTU_97.498,Left_Retroauricular_crease
OTU_97.4997,Tongue_dorsum
OTU_97.4997,Right_Retroauricular_crease
OTU_97.50,Supragingival_plaque
OTU_97.50,Right_Retroauricular_crease
OTU_97.500,Stool
OTU_97.500,Hard_palate
OTU_97.5008,Buccal_mucosa
OTU_97.5017,Buccal_mucosa
OTU_97.5017,Hard_palate
OTU_97.5019,Throat
OTU_97.5019,Anterior_nares
OTU_97.5024,Buccal_mucosa
OTU_97.5024,Tongue_dorsum
OTU_97.503,Mid_vagina
OTU_97.5031,Tongue_dorsum
OTU_97.5033,Throat
OTU_97.5033,Supragingival_plaque
OTU_97.5039,Tongue_dorsum
OTU_97.505,Posterior_fornix
OTU_97.505,Tongue_dorsum
OTU_97.5054,Mid_vagina
OTU_97.5061,Posterior_fornix
OTU_97.507,Hard_palate
OTU_97.5077,Stool
OTU_97.5077,Supragingival_plaque
OTU_97.5077,Posterior_fornix
OTU_97.508,Attached_Keratinized_gingiva
OTU_97.508,Buccal_mucosa
OTU_97.5082,Throat
OTU_97.5082,Mid_vagina
OTU_97.5082,Left_Retroauricular_crease
OTU_97.5086,Stool
OTU_97.5086,Posterior_fornix
OTU_97.5086,Mid_vagina
OTU_97.5086,Left_Retroauricular_crease
OTU_97.5089,Attached_Keratinized_gingiva
OTU_97.5089,Saliva
OTU_97.5089,Mid_vagina
OTU_97.5089,Buccal_mucosa
OTU_97.5096,Tongue_dorsum
OTU_97.5099,Stool
OTU_97.5099,Buccal_mucosa
OTU_97.51,Stool
OTU_97.51,Supragingival_plaque
OTU_97.5128,Left_Retroauricular_crease
OTU_97.513,Left_Retroauricular_crease
OTU_97.5142,Mid_vagina
OTU_97.5142,Right_Retroauricular_crease
OTU_97.516,Supragingival_plaque
OTU_97.5161,Subgingival_plaque
OTU_97.5167,Palatine_Tonsils
OTU_97.5167,Anterior_nares
OTU_97.5183,Hard_palate
OTU_97.5183,Anterior_nares
OTU_97.52,Subgingival_plaque
OTU_97.5220,Throat
OTU_97.5224,Posterior_fornix
OTU_97.5227,Saliva
OTU_97.523,Attached_Keratinized_gingiva
OTU_97.523,Hard_palate
OTU_97.523,Right_Retroauricular_crease
OTU_97.5234,Attached_Keratinized_gingiva
OTU_97.5234,Buccal_mucosa
OTU_97.5238,Supragingival_plaque
OTU_97.5238,Mid_vagina
OTU_97.5243,Tongue_dorsum
OTU_97.5243,Hard_palate
OTU_97.5254,Mid_vagina
OTU_97.527,Supragingival_plaque
OTU_97.527,Anterior_nares
OTU_97.5274,Subgingival_plaque
OTU_97.5274,Tongue_dorsum
OTU_97.5277,Posterior_fornix
OTU_97.5277,Tongue_dorsum
OTU_97.5287,Throat
OTU_97.5309,Hard_palate
OTU_97.5312,Anterior_nares
OTU_97.5316,Stool
OTU_97.5320,Posterior_fornix
OTU_97.5320,Tongue_dorsum
OTU_97.5320,Left_Retroauricular_crease
OTU_97.5331,Posterior_fornix
OTU_97.534,Tongue_dorsum
OTU_97.5347,Subgingival_plaque
OTU_97.5349,Posterior_fornix
OTU_97.5350,Posterior_fornix
OTU_97.5350,Buccal_mucosa
OTU_97.536,Stool
OTU_97.536,Buccal_mucosa
OTU_97.5361,Throat
OTU_97.5361,Attached_Keratinized_gingiva
OTU_97.5362,Supragingival_plaque
OTU_97.5362,Tongue_dorsum
OTU_97.5366,Mid_vagina
OTU_97.5373,Subgingival_plaque
OTU_97.5373,Palatine_Tonsils
OTU_97.5379,Subgingival_plaque
OTU_97.5379,Palatine_Tonsils
OTU_97.5382,Right_Retroauricular_crease
OTU_97.539,Palatine_Tonsils
OTU_97.5399,Attached_Keratinized_gingiva
OTU_97.5399,Anterior_nares
OTU_97.54,Hard_palate
OTU_97.54,Right_Retroauricular_crease
OTU_97.540,Subgingival_plaque
OTU_97.540,Mid_vagina
OTU_97.541,Attached_Keratinized_gingiva
OTU_97.541,Buccal_mucosa
OTU_97.541,Hard_palate
OTU_97.5414,Left_Retroauricular_crease
OTU_97.5418,Mid_vagina
OTU_97.5427,Stool
OTU_97.5431,Mid_vagina
OTU_97.5440,Posterior_fornix
OTU_97.5440,Right_Retroauricular_crease
OTU_97.5440,Anterior_nares
OTU_97.5441,Tongue_dorsum
OTU_97.545,Palatine_Tonsils
OTU_97.5460,Right_Retroauricular_crease
OTU_97.5473,Palatine_Tonsils
OTU_97.5474,Attached_Keratinized_gingiva
OTU_97.5474,Anterior_nares
OTU_97.5478,Posterior_fornix
OTU_97.5478,Mid_vagina
OTU_97.5480,Throat
OTU_97.5505,Subgingival_plaque
OTU_97.5510,Stool
OTU_97.5520,Attached_Keratinized_gingiva
OTU_97.5520,Tongue_dorsum
OTU_97.5532,Tongue_dorsum
OTU_97.5542,Posterior_fornix
OTU_97.5542,Mid_vagina
OTU_97.5542,Buccal_mucosa
OTU_97.555,Buccal_mucosa
OTU_97.5551,Saliva
OTU_97.5551,Palatine_Tonsils
OTU_97.5551,Left_Retroauricular_crease
OTU_97.5551,Anterior_nares
OTU_97.5555,Attached_Keratinized_gingiva
OTU_97.5555,Mid_vagina
OTU_97.5555,Anterior_nares
OTU_97.5559,Posterior_fornix
OTU_97.5562,Subgingival_plaque
OTU_97.557,Mid_vagina
OTU_97.5572,Anterior_nares
OTU_97.5575,Supragingival_plaque
OTU_97.5575,Palatine_Tonsils
OTU_97.5590,Subgingival_plaque
OTU_97.5590,Supragingival_plaque
OTU_97.5590,Posterior_fornix
OTU_97.560,Tongue_dorsum
OTU_97.5603,Left_Retroauricular_crease
OTU_97.5604,Buccal_mucosa
OTU_97.5606,Throat
OTU_97.5606,Mid_vagina
OTU_97.5611,Palatine_Tonsils
OTU_97.5618,Subgingival_plaque
OTU_97.5618,Supragingival_plaque
OTU_97.5618,Buccal_mucosa
OTU_97.5635,Subgingival_plaque
OTU_97.5635,Hard_palate
OTU_97.5646,Buccal_mucosa
OTU_97.5660,Subgingival_plaque
OTU_97.5674,Subgingival_plaque
OTU_97.5674,Attached_Keratinized_gingiva
OTU_97.568,Supragingival_plaque
OTU_97.5682,Buccal_mucosa
OTU_97.5682,Left_Retroauricular_crease
OTU_97.5689,Subgingival_plaque
OTU_97.5689,Tongue_dorsum
OTU_97.5690,Left_Retroauricular_crease
OTU_97.5691,Mid_vagina
OTU_97.5691,Right_Retroauricular_crease
OTU_97.57,Subgingival_plaque
OTU_97.57,Supragingival_plaque
OTU_97.57,Left_Retroauricular_crease
OTU_97.5706,Hard_palate
OTU_97.5710,Saliva
OTU_97.5710,Anterior_nares
OTU_97.5712,Throat
OTU_97.5718,Supragingival_plaque
OTU_97.5718,Posterior_fornix
OTU_97.5724,Saliva
OTU_97.5729,Saliva
OTU_97.5731,Saliva
OTU_97.5735,Buccal_mucosa
OTU_97.574,Palatine_Tonsils
OTU_97.5754,Left_Retroauricular_crease
OTU_97.5754,Right_Retroauricular_crease
OTU_97.5758,Stool
OTU_97.5767,Subgingival_plaque
OTU_97.5767,Supragingival_plaque
OTU_97.5767,Right_Retroauricular_crease
OTU_97.5773,Right_Retroauricular_crease
OTU_97.5773,Anterior_nares
OTU_97.5779,Stool
OTU_97.5779,Hard_palate
OTU_97.5782,Saliva
OTU_97.5782,Posterior_fornix
OTU_97.5782,Tongue_dorsum
OTU_97.5783,Throat
OTU_97.5783,Supragingival_plaque
OTU_97.5783,Left_Retroauricular_crease
OTU_97.5794,Throat
OTU_97.5794,Attached_Keratinized_gingiva
OTU_97.5796,Mid_vagina
OTU_97.5796,Palatine_Tonsils
OTU_97.5798,Right_Retroauricular_crease
OTU_97.5800,Throat
OTU_97.5800,Left_Retroauricular_crease
OTU_97.5809,Supragingival_plaque
OTU_97.5809,Right_Retroauricular_crease
OTU_97.581,Attached_Keratinized_gingiva
OTU_97.5811,Mid_vagina
OTU_97.5812,Palatine_Tonsils
OTU_97.5834,Subgingival_plaque
OTU_97.5834,Tongue_dorsum
OTU_97.5839,Anterior_nares
OTU_97.5853,Tongue_dorsum
OTU_97.5854,Hard_palate
OTU_97.5856,Palatine_Tonsils
OTU_97.586,Right_Retroauricular_crease
OTU_97.5869,Throat
OTU_97.587,Posterior_fornix
OTU_97.5870,Throat
OTU_97.5876,Supragingival_plaque
OTU_97.5876,Attached_Keratinized_gingiva
OTU_97.5876,Tongue_dorsum
OTU_97.5876,Hard_palate
OTU_97.5877,Supragingival_plaque
OTU_97.5877,Saliva
OTU_97.5877,Posterior_fornix
OTU_97.5877,Anterior_nares
OTU_97.5885,Attached_Keratinized_gingiva
OTU_97.5885,Saliva
OTU_97.5885,Palatine_Tonsils
OTU_97.5885,Hard_palate
OTU_97.5894,Stool
OTU_97.5894,Hard_palate
OTU_97.59,Supragingival_plaque
OTU_97.590,Mid_vagina
OTU_97.590,Hard_palate
OTU_97.5900,Subgingival_plaque
OTU_97.5900,Saliva
OTU_97.5904,Posterior_fornix
OTU_97.5905,Throat
OTU_97.5907,Supragingival_plaque
OTU_97.591,Saliva
OTU_97.591,Left_Retroauricular_crease
OTU_97.5912,Saliva
OTU_97.5921,Tongue_dorsum
OTU_97.5921,Anterior_nares
OTU_97.5926,Palatine_Tonsils
OTU_97.5926,Left_Retroauricular_crease
OTU_97.5932,Stool
OTU_97.5942,Mid_vagina
OTU_97.5942,Hard_palate
OTU_97.5953,Supragingival_plaque
OTU_97.5953,Anterior_nares
OTU_97.5958,Anterior_nares
OTU_97.596,Mid_vagina
OTU_97.5976,Attached_Keratinized_gingiva
OTU_97.5977,Throat
OTU_97.5977,Palatine_Tonsils
OTU_97.5979,Attached_Keratinized_gingiva
OTU_97.5981,Hard_palate
OTU_97.5984,Right_Retroauricular_crease
OTU_97.5986,Saliva
OTU_97.5986,Buccal_mucosa
OTU_97.5986,Anterior_nares
OTU_97.599,Buccal_mucosa
OTU_97.599,Palatine_Tonsils
OTU_97.5996,Palatine_Tonsils
OTU_97.5998,Buccal_mucosa
OTU_97.600,Anterior_nares
OTU_97.6003,Posterior_fornix
OTU_97.6004,Posterior_fornix
OTU_97.6004,Hard_palate
OTU_97.601,Throat
OTU_97.601,Subgingival_plaque
OTU_97.6011,Throat
OTU_97.6011,Palatine_Tonsils
OTU_97.6018,Buccal_mucosa
OTU_97.6018,Left_Retroauricular_crease
OTU_97.6024,Subgingival_plaque
OTU_97.603,Buccal_mucosa
OTU_97.606,Saliva
OTU_97.606,Tongue_dorsum
OTU_97.6076,Buccal_mucosa
OTU_97.6076,Tongue_dorsum
OTU_97.6080,Stool
OTU_97.6084,Throat
OTU_97.6088,Tongue_dorsum
OTU_97.6088,Hard_palate
OTU_97.609,Tongue_dorsum
OTU_97.609,Right_Retroauricular_crease
OTU_97.609,Anterior_nares
OTU_97.6100,Hard_palate
OTU_97.6108,Buccal_mucosa
OTU_97.6108,Hard_palate
OTU_97.612,Supragingival_plaque
OTU_97.6121,Mid_vagina
OTU_97.6121,Left_Retroauricular_crease
OTU_97.6122,Throat
OTU_97.6126,Supragingival_plaque
OTU_97.6126,Attached_Keratinized_gingiva
OTU_97.6126,Hard_palate
OTU_97.6127,Throat
OTU_97.6132,Left_Retroauricular_crease
OTU_97.6144,Palatine_Tonsils
OTU_97.6148,Right_Retroauricular_crease
OTU_97.6154,Tongue_dorsum
OTU_97.6162,Buccal_mucosa
OTU_97.6186,Right_Retroauricular_crease
OTU_97.6186,Anterior_nares
OTU_97.62,Stool
OTU_97.62,Tongue_dorsum
OTU_97.620,Throat
OTU_97.620,Saliva
OTU_97.6201,Stool
OTU_97.6204,Mid_vagina
OTU_97.6204,Anterior_nares
OTU_97.6212,Buccal_mucosa
OTU_97.6212,Tongue_dorsum
OTU_97.6224,Subgingival_plaque
OTU_97.6224,Supragingival_plaque
OTU_97.6224,Attached_Keratinized_gingiva
OTU_97.6224,Posterior_fornix
OTU_97.623,Buccal_mucosa
OTU_97.623,Anterior_nares
OTU_97.6261,Supragingival_plaque
OTU_97.6263,Hard_palate
OTU_97.6266,Stool
OTU_97.6269,Mid_vagina
OTU_97.6269,Tongue_dorsum
OTU_97.6269,Anterior_nares
OTU_97.6277,Subgingival_plaque
OTU_97.6277,Left_Retroauricular_crease
OTU_97.6283,Stool
OTU_97.6288,Supragingival_plaque
OTU_97.6288,Saliva
OTU_97.63,Palatine_Tonsils
OTU_97.630,Mid_vagina
OTU_97.630,Hard_palate
OTU_97.6301,Subgingival_plaque
OTU_97.6301,Posterior_fornix
OTU_97.6303,Subgingival_plaque
OTU_97.6305,Subgingival_plaque
OTU_97.6305,Mid_vagina
OTU_97.6305,Buccal_mucosa
OTU_97.6321,Palatine_Tonsils
OTU_97.6324,Left_Retroauricular_crease
OTU_97.6325,Stool
OTU_97.6325,Subgingival_plaque
OTU_97.6325,Saliva
OTU_97.6339,Attached_Keratinized_gingiva
OTU_97.6340,Throat
OTU_97.6340,Tongue_dorsum
OTU_97.6351,Posterior_fornix
OTU_97.6358,Mid_vagina
OTU_97.6358,Palatine_Tonsils
OTU_97.6389,Left_Retroauricular_crease
OTU_97.6392,Stool
OTU_97.6392,Mid_vagina
OTU_97.6396,Mid_vagina
OTU_97.6396,Anterior_nares
OTU_97.64,Supragingival_plaque
OTU_97.640,Mid_vagina
OTU_97.640,Right_Retroauricular_crease
OTU_97.6401,Buccal_mucosa
OTU_97.6401,Tongue_dorsum
OTU_97.6405,Subgingival_plaque
OTU_97.6405,Palatine_Tonsils
OTU_97.6408,Throat
OTU_97.6408,Palatine_Tonsils
OTU_97.641,Tongue_dorsum
OTU_97.6410,Stool
OTU_97.6410,Throat
OTU_97.6410,Hard_palate
OTU_97.6411,Saliva
OTU_97.6411,Palatine_Tonsils
OTU_97.6420,Mid_vagina
OTU_97.6431,Palatine_Tonsils
OTU_97.6431,Right_Retroauricular_crease
OTU_97.6432,Supragingival_plaque
OTU_97.6447,Throat
OTU_97.6447,Attached_Keratinized_gingiva
OTU_97.6447,Left_Retroauricular_crease
OTU_97.645,Mid_vagina
OTU_97.6453,Buccal_mucosa
OTU_97.6486,Supragingival_plaque
OTU_97.6486,Tongue_dorsum
OTU_97.6490,Stool
OTU_97.6490,Anterior_nares
OTU_97.6504,Right_Retroauricular_crease
OTU_97.6516,Supragingival_plaque
OTU_97.6517,Throat
OTU_97.6517,Right_Retroauricular_crease
OTU_97.6518,Mid_vagina
OTU_97.6522,Tongue_dorsum
OTU_97.6522,Anterior_nares
OTU_97.6524,Saliva
OTU_97.6524,Tongue_dorsum
OTU_97.6529,Throat
OTU_97.6531,Hard_palate
OTU_97.6531,Left_Retroauricular_crease
OTU_97.6537,Buccal_mucosa
OTU_97.6554,Left_Retroauricular_crease
OTU_97.6559,Throat
OTU_97.6559,Right_Retroauricular_crease
OTU_97.6563,Right_Retroauricular_crease
OTU_97.6582,Tongue_dorsum
OTU_97.659,Buccal_mucosa
OTU_97.659,Hard_palate
OTU_97.66,Tongue_dorsum
OTU_97.6608,Supragingival_plaque
OTU_97.6609,Saliva
OTU_97.6613,Stool
OTU_97.6613,Right_Retroauricular_crease
OTU_97.6631,Stool
OTU_97.6632,Posterior_fornix
OTU_97.6649,Anterior_nares
OTU_97.6652,Palatine_Tonsils
OTU_97.666,Left_Retroauricular_crease
OTU_97.6686,Posterior_fornix
OTU_97.6688,Right_Retroauricular_crease
OTU_97.6692,Tongue_dorsum
OTU_97.6706,Right_Retroauricular_crease
OTU_97.671,Attached_Keratinized_gingiva
OTU_97.6711,Palatine_Tonsils
OTU_97.6711,Hard_palate
OTU_97.6712,Throat
OTU_97.6712,Posterior_fornix
OTU_97.6712,Right_Retroauricular_crease
OTU_97.6714,Buccal_mucosa
OTU_97.6720,Subgingival_plaque
OTU_97.6721,Stool
OTU_97.6723,Attached_Keratinized_gingiva
OTU_97.6723,Hard_palate
OTU_97.6724,Throat
OTU_97.6731,Subgingival_plaque
OTU_97.6733,Subgingival_plaque
OTU_97.6733,Tongue_dorsum
OTU_97.6736,Mid_vagina
OTU_97.6757,Saliva
OTU_97.6757,Palatine_Tonsils
OTU_97.6759,Subgingival_plaque
OTU_97.6759,Attached_Keratinized_gingiva
OTU_97.6759,Buccal_mucosa
OTU_97.6759,Tongue_dorsum
OTU_97.678,Subgingival_plaque
OTU_97.6783,Hard_palate
OTU_97.6783,Anterior_nares
OTU_97.6798,Hard_palate
OTU_97.6798,Left_Retroauricular_crease
OTU_97.68,Saliva
OTU_97.6802,Attached_Keratinized_gingiva
OTU_97.6802,Saliva
OTU_97.6802,Palatine_Tonsils
OTU_97.6809,Stool
OTU_97.6809,Right_Retroauricular_crease
OTU_97.6816,Supragingival_plaque
OTU_97.6821,Posterior_fornix
OTU_97.6823,Supragingival_plaque
OTU_97.6835,Left_Retroauricular_crease
OTU_97.6837,Attached_Keratinized_gingiva
OTU_97.6837,Saliva
OTU_97.6843,Saliva
OTU_97.685,Supragingival_plaque
OTU_97.6852,Left_Retroauricular_crease
OTU_97.6852,Right_Retroauricular_crease
OTU_97.6858,Left_Retroauricular_crease
OTU_97.6860,Stool
OTU_97.6860,Tongue_dorsum
OTU_97.6862,Left_Retroauricular_crease
OTU_97.6888,Attached_Keratinized_gingiva
OTU_97.6890,Tongue_dorsum
OTU_97.6890,Hard_palate
OTU_97.69,Posterior_fornix
OTU_97.69,Left_Retroauricular_crease
OTU_97.6901,Throat
OTU_97.6901,Mid_vagina
OTU_97.6901,Hard_palate
OTU_97.6901,Anterior_nares
OTU_97.6905,Stool
OTU_97.6907,Throat
OTU_97.6907,Saliva
OTU_97.6909,Subgingival_plaque
OTU_97.6909,Attached_Keratinized_gingiva
OTU_97.6909,Tongue_dorsum
OTU_97.6909,Right_Retroauricular_crease
OTU_97.691,Tongue_dorsum
OTU_97.6935,Stool
OTU_97.6935,Saliva
OTU_97.6957,Attached_Keratinized_gingiva
OTU_97.6957,Palatine_Tonsils
OTU_97.696,Throat
OTU_97.696,Attached_Keratinized_gingiva
OTU_97.696,Buccal_mucosa
OTU_97.696,Tongue_dorsum
OTU_97.6960,Throat
OTU_97.6960,Tongue_dorsum
OTU_97.6960,Left_Retroauricular_crease
OTU_97.6993,Saliva
OTU_97.6993,Hard_palate
OTU_97.7000,Throat
OTU_97.7000,Posterior_fornix
OTU_97.7006,Attached_Keratinized_gingiva
OTU_97.7006,Tongue_dorsum
OTU_97.701,Right_Retroauricular_crease
OTU_97.7019,Tongue_dorsum
OTU_97.7019,Anterior_nares
OTU_97.7028,Attached_Keratinized_gingiva
OTU_97.7033,Right_Retroauricular_crease
OTU_97.7035,Saliva
OTU_97.7035,Right_Retroauricular_crease
OTU_97.704,Right_Retroauricular_crease
OTU_97.7060,Supragingival_plaque
OTU_97.7061,Subgingival_plaque
OTU_97.7061,Supragingival_plaque
OTU_97.7065,Right_Retroauricular_crease
OTU_97.710,Throat
OTU_97.710,Supragingival_plaque
OTU_97.7102,Buccal_mucosa
OTU_97.7106,Attached_Keratinized_gingiva
OTU_97.7106,Tongue_dorsum
OTU_97.7106,Right_Retroauricular_crease
OTU_97.7115,Saliva
OTU_97.7119,Attached_Keratinized_gingiva
OTU_97.7119,Buccal_mucosa
OTU_97.7119,Left_Retroauricular_crease
OTU_97.7132,Palatine_Tonsils
OTU_97.7132,Right_Retroauricular_crease
OTU_97.7144,Right_Retroauricular_crease
OTU_97.7148,Mid_vagina
OTU_97.7148,Buccal_mucosa
OTU_97.7148,Left_Retroauricular_crease
OTU_97.7159,Tongue_dorsum
OTU_97.7159,Left_Retroauricular_crease
OTU_97.716,Supragingival_plaque
OTU_97.716,Palatine_Tonsils
OTU_97.716,Hard_palate
OTU_97.7163,Hard_palate
OTU_97.7163,Left_Retroauricular_crease
OTU_97.7172,Hard_palate
OTU_97.7178,Attached_Keratinized_gingiva
OTU_97.718,Subgingival_plaque
OTU_97.7180,Subgingival_plaque
OTU_97.7180,Right_Retroauricular_crease
OTU_97.7181,Attached_Keratinized_gingiva
OTU_97.7181,Buccal_mucosa
OTU_97.7184,Posterior_fornix
OTU_97.7188,Throat
OTU_97.7188,Left_Retroauricular_crease
OTU_97.7196,Palatine_Tonsils
OTU_97.7203,Left_Retroauricular_crease
OTU_97.7224,Hard_palate
OTU_97.7226,Throat
OTU_97.7226,Left_Retroauricular_crease
OTU_97.7238,Palatine_Tonsils
OTU_97.7242,Posterior_fornix
OTU_97.7242,Tongue_dorsum
OTU_97.7242,Hard_palate
OTU_97.725,Throat
OTU_97.725,Supragingival_plaque
OTU_97.725,Palatine_Tonsils
OTU_97.7256,Saliva
OTU_97.7256,Left_Retroauricular_crease
OTU_97.7260,Attached_Keratinized_gingiva
OTU_97.7270,Right_Retroauricular_crease
OTU_97.7297,Right_Retroauricular_crease
OTU_97.7299,Tongue_dorsum
OTU_97.7299,Left_Retroauricular_crease
OTU_97.73,Saliva
OTU_97.7304,Throat
OTU_97.7304,Attached_Keratinized_gingiva
OTU_97.7324,Posterior_fornix
OTU_97.7329,Tongue_dorsum
OTU_97.7329,Anterior_nares
OTU_97.7341,Attached_Keratinized_gingiva
OTU_97.7341,Tongue_dorsum
OTU_97.735,Mid_vagina
OTU_97.735,Tongue_dorsum
OTU_97.7355,Saliva
OTU_97.7355,Left_Retroauricular_crease
OTU_97.736,Supragingival_plaque
OTU_97.7370,Stool
OTU_97.7370,Mid_vagina
OTU_97.7370,Palatine_Tonsils
OTU_97.7371,Posterior_fornix
OTU_97.7373,Supragingival_plaque
OTU_97.738,Stool
OTU_97.738,Anterior_nares
OTU_97.7384,Mid_vagina
OTU_97.7384,Anterior_nares
OTU_97.739,Subgingival_plaque
OTU_97.739,Hard_palate
OTU_97.7401,Throat
OTU_97.7401,Right_Retroauricular_crease
OTU_97.7401,Anterior_nares
OTU_97.7402,Right_Retroauricular_crease
OTU_97.7406,Stool
OTU_97.7406,Posterior_fornix
OTU_97.7414,Throat
OTU_97.7419,Saliva
OTU_97.742,Mid_vagina
OTU_97.742,Hard_palate
OTU_97.743,Tongue_dorsum
OTU_97.743,Left_Retroauricular_crease
OTU_97.7433,Throat
OTU_97.7433,Attached_Keratinized_gingiva
OTU_97.7433,Tongue_dorsum
OTU_97.7451,Buccal_mucosa
OTU_97.7457,Tongue_dorsum
OTU_97.7467,Supragingival_plaque
OTU_97.7467,Posterior_fornix
OTU_97.7467,Buccal_mucosa
OTU_97.7477,Supragingival_plaque
OTU_97.7480,Throat
OTU_97.7480,Subgingival_plaque
OTU_97.75,Posterior_fornix
OTU_97.7500,Attached_Keratinized_gingiva
OTU_97.7500,Posterior_fornix
OTU_97.7525,Subgingival_plaque
OTU_97.7525,Attached_Keratinized_gingiva
OTU_97.7525,Mid_vagina
OTU_97.7525,Right_Retroauricular_crease
OTU_97.753,Supragingival_plaque
OTU_97.753,Palatine_Tonsils
OTU_97.753,Left_Retroauricular_crease
OTU_97.7546,Posterior_fornix
OTU_97.755,Right_Retroauricular_crease
OTU_97.7551,Attached_Keratinized_gingiva
OTU_97.7555,Supragingival_plaque
OTU_97.757,Posterior_fornix
OTU_97.757,Palatine_Tonsils
OTU_97.7575,Anterior_nares
OTU_97.760,Saliva
OTU_97.7601,Tongue_dorsum
OTU_97.7603,Saliva
OTU_97.7611,Saliva
OTU_97.7613,Throat
OTU_97.7613,Right_Retroauricular_crease
OTU_97.7628,Palatine_Tonsils
OTU_97.7665,Buccal_mucosa
OTU_97.7665,Anterior_nares
OTU_97.7666,Hard_palate
OTU_97.767,Saliva
OTU_97.767,Anterior_nares
OTU_97.7673,Anterior_nares
OTU_97.7675,Hard_palate
OTU_97.7687,Subgingival_plaque
OTU_97.7687,Anterior_nares
OTU_97.769,Subgingival_plaque
OTU_97.769,Left_Retroauricular_crease
OTU_97.7696,Buccal_mucosa
OTU_97.77,Saliva
OTU_97.77,Buccal_mucosa
OTU_97.77,Hard_palate
OTU_97.7704,Supragingival_plaque
OTU_97.7704,Hard_palate
OTU_97.7704,Left_Retroauricular_crease
OTU_97.771,Supragingival_plaque
OTU_97.771,Left_Retroauricular_crease
OTU_97.7711,Throat
OTU_97.7711,Right_Retroauricular_crease
OTU_97.7730,Throat
OTU_97.7734,Attached_Keratinized_gingiva
OTU_97.7743,Subgingival_plaque
OTU_97.7743,Supragingival_plaque
OTU_97.7743,Saliva
OTU_97.7743,Left_Retroauricular_crease
OTU_97.7748,Posterior_fornix
OTU_97.7748,Mid_vagina
OTU_97.7748,Buccal_mucosa
OTU_97.7759,Mid_vagina
OTU_97.7759,Buccal_mucosa
OTU_97.7760,Throat
OTU_97.7771,Stool
OTU_97.7771,Mid_vagina
OTU_97.7774,Tongue_dorsum
OTU_97.7789,Saliva
OTU_97.7789,Posterior_fornix
OTU_97.7794,Throat
OTU_97.7795,Tongue_dorsum
OTU_97.7795,Right_Retroauricular_crease
OTU_97.7812,Subgingival_plaque
OTU_97.7820,Stool
OTU_97.7821,Tongue_dorsum
OTU_97.784,Saliva
OTU_97.7846,Subgingival_plaque
OTU_97.7846,Saliva
OTU_97.7849,Saliva
OTU_97.7859,Attached_Keratinized_gingiva
OTU_97.7883,Buccal_mucosa
OTU_97.7885,Throat
OTU_97.7885,Anterior_nares
OTU_97.7895,Posterior_fornix
OTU_97.7898,Supragingival_plaque
OTU_97.7898,Left_Retroauricular_crease
OTU_97.7907,Anterior_nares
OTU_97.7921,Anterior_nares
OTU_97.793,Buccal_mucosa
OTU_97.7932,Attached_Keratinized_gingiva
OTU_97.7935,Saliva
OTU_97.7956,Saliva
OTU_97.7958,Supragingival_plaque
OTU_97.7962,Supragingival_plaque
OTU_97.7962,Mid_vagina
OTU_97.7966,Attached_Keratinized_gingiva
OTU_97.7971,Left_Retroauricular_crease
OTU_97.7981,Tongue_dorsum
OTU_97.7982,Supragingival_plaque
OTU_97.7982,Tongue_dorsum
OTU_97.7991,Stool
OTU_97.7997,Hard_palate
OTU_97.7999,Stool
OTU_97.8002,Supragingival_plaque
OTU_97.8002,Right_Retroauricular_crease
OTU_97.8008,Subgingival_plaque
OTU_97.8008,Palatine_Tonsils
OTU_97.8011,Right_Retroauricular_crease
OTU_97.8044,Stool
OTU_97.8045,Supragingival_plaque
OTU_97.8047,Throat
OTU_97.8047,Left_Retroauricular_crease
OTU_97.8059,Buccal_mucosa
OTU_97.8059,Right_Retroauricular_crease
OTU_97.8061,Saliva
OTU_97.8080,Stool
OTU_97.8080,Saliva
OTU_97.811,Attached_Keratinized_gingiva
OTU_97.8115,Left_Retroauricular_crease
OTU_97.8117,Tongue_dorsum
OTU_97.8117,Anterior_nares
OTU_97.8129,Subgingival_plaque
OTU_97.8129,Buccal_mucosa
OTU_97.813,Stool
OTU_97.813,Tongue_dorsum
OTU_97.8154,Right_Retroauricular_crease
OTU_97.8158,Mid_vagina
OTU_97.8161,Posterior_fornix
OTU_97.8162,Mid_vagina
OTU_97.8165,Hard_palate
OTU_97.8168,Subgingival_plaque
OTU_97.8168,Saliva
OTU_97.8173,Mid_vagina
OTU_97.8174,Stool
OTU_97.8174,Tongue_dorsum
OTU_97.8186,Attached_Keratinized_gingiva
OTU_97.8186,Saliva
OTU_97.8190,Tongue_dorsum
OTU_97.8218,Tongue_dorsum
OTU_97.822,Throat
OTU_97.822,Saliva
OTU_97.822,Buccal_mucosa
OTU_97.8225,Subgingival_plaque
OTU_97.8225,Palatine_Tonsils
OTU_97.8225,Left_Retroauricular_crease
OTU_97.8242,Stool
OTU_97.8242,Posterior_fornix
OTU_97.8247,Saliva
OTU_97.8247,Tongue_dorsum
OTU_97.8251,Supragingival_plaque
OTU_97.8251,Attached_Keratinized_gingiva
OTU_97.8251,Anterior_nares
OTU_97.8268,Attached_Keratinized_gingiva
OTU_97.8269,Saliva
OTU_97.827,Throat
OTU_97.827,Subgingival_plaque
OTU_97.8293,Stool
OTU_97.8293,Attached_Keratinized_gingiva
OTU_97.8293,Palatine_Tonsils
OTU_97.8300,Throat
OTU_97.8300,Tongue_dorsum
OTU_97.8310,Saliva
OTU_97.8310,Buccal_mucosa
OTU_97.8310,Hard_palate
OTU_97.8310,Right_Retroauricular_crease
OTU_97.8311,Posterior_fornix
OTU_97.8324,Stool
OTU_97.8330,Stool
OTU_97.8330,Anterior_nares
OTU_97.834,Stool
OTU_97.834,Throat
OTU_97.835,Palatine_Tonsils
OTU_97.8350,Attached_Keratinized_gingiva
OTU_97.8350,Mid_vagina
OTU_97.8350,Buccal_mucosa
OTU_97.8350,Left_Retroauricular_crease
OTU_97.8350,Right_Retroauricular_crease
OTU_97.8354,Attached_Keratinized_gingiva
OTU_97.8354,Buccal_mucosa
OTU_97.837,Palatine_Tonsils
OTU_97.8371,Throat
OTU_97.8372,Subgingival_plaque
OTU_97.8381,Hard_palate
OTU_97.8381,Left_Retroauricular_crease
OTU_97.8381,Right_Retroauricular_crease
OTU_97.8388,Mid_vagina
OTU_97.8390,Attached_Keratinized_gingiva
OTU_97.8393,Throat
OTU_97.8393,Saliva
OTU_97.8393,Buccal_mucosa
OTU_97.8393,Palatine_Tonsils
OTU_97.8404,Mid_vagina
OTU_97.8404,Right_Retroauricular_crease
OTU_97.8430,Throat
OTU_97.844,Posterior_fornix
OTU_97.844,Tongue_dorsum
OTU_97.8451,Posterior_fornix
OTU_97.8451,Tongue_dorsum
OTU_97.846,Throat
OTU_97.846,Saliva
OTU_97.846,Right_Retroauricular_crease
OTU_97.8460,Hard_palate
OTU_97.8460,Anterior_nares
OTU_97.8462,Saliva
OTU_97.8462,Palatine_Tonsils
OTU_97.8463,Attached_Keratinized_gingiva
OTU_97.8463,Buccal_mucosa
OTU_97.8463,Tongue_dorsum
OTU_97.8463,Left_Retroauricular_crease
OTU_97.8463,Right_Retroauricular_crease
OTU_97.8474,Mid_vagina
OTU_97.8479,Attached_Keratinized_gingiva
OTU_97.8496,Anterior_nares
OTU_97.8500,Throat
OTU_97.8511,Mid_vagina
OTU_97.8511,Left_Retroauricular_crease
OTU_97.8543,Palatine_Tonsils
OTU_97.8551,Supragingival_plaque
OTU_97.8551,Buccal_mucosa
OTU_97.8570,Supragingival_plaque
OTU_97.8571,Tongue_dorsum
OTU_97.8573,Saliva
OTU_97.8573,Posterior_fornix
OTU_97.8573,Tongue_dorsum
OTU_97.8579,Stool
OTU_97.8579,Mid_vagina
OTU_97.858,Posterior_fornix
OTU_97.8581,Subgingival_plaque
OTU_97.8581,Tongue_dorsum
OTU_97.8584,Hard_palate
OTU_97.8585,Throat
OTU_97.8587,Stool
OTU_97.8587,Subgingival_plaque
OTU_97.8587,Buccal_mucosa
OTU_97.8588,Hard_palate
OTU_97.8590,Saliva
OTU_97.8590,Palatine_Tonsils
OTU_97.8592,Saliva
OTU_97.8592,Right_Retroauricular_crease
OTU_97.8595,Supragingival_plaque
OTU_97.86,Supragingival_plaque
OTU_97.8601,Buccal_mucosa
OTU_97.8610,Right_Retroauricular_crease
OTU_97.8620,Saliva
OTU_97.8628,Palatine_Tonsils
OTU_97.8628,Anterior_nares
OTU_97.8630,Posterior_fornix
OTU_97.8645,Stool
OTU_97.8648,Throat
OTU_97.8659,Left_Retroauricular_crease
OTU_97.8660,Hard_palate
OTU_97.8660,Left_Retroauricular_crease
OTU_97.8663,Buccal_mucosa
OTU_97.8663,Tongue_dorsum
OTU_97.8668,Palatine_Tonsils
OTU_97.867,Hard_palate
OTU_97.867,Anterior_nares
OTU_97.8685,Throat
OTU_97.8685,Hard_palate
OTU_97.8685,Left_Retroauricular_crease
OTU_97.8693,Tongue_dorsum
OTU_97.87,Stool
OTU_97.870,Subgingival_plaque
OTU_97.8711,Posterior_fornix
OTU_97.8721,Tongue_dorsum
OTU_97.8736,Attached_Keratinized_gingiva
OTU_97.8736,Hard_palate
OTU_97.8736,Left_Retroauricular_crease
OTU_97.8737,Mid_vagina
OTU_97.8760,Subgingival_plaque
OTU_97.8785,Posterior_fornix
OTU_97.8785,Buccal_mucosa
OTU_97.8785,Hard_palate
OTU_97.8790,Supragingival_plaque
OTU_97.8793,Hard_palate
OTU_97.8793,Anterior_nares
OTU_97.88,Stool
OTU_97.8805,Posterior_fornix
OTU_97.8832,Mid_vagina
OTU_97.8855,Tongue_dorsum
OTU_97.8859,Mid_vagina
OTU_97.8859,Buccal_mucosa
OTU_97.887,Tongue_dorsum
OTU_97.8873,Anterior_nares
OTU_97.8875,Buccal_mucosa
OTU_97.8875,Anterior_nares
OTU_97.8885,Attached_Keratinized_gingiva
OTU_97.8899,Buccal_mucosa
OTU_97.891,Saliva
OTU_97.8924,Attached_Keratinized_gingiva
OTU_97.8924,Right_Retroauricular_crease
OTU_97.8929,Mid_vagina
OTU_97.893,Stool
OTU_97.893,Subgingival_plaque
OTU_97.893,Tongue_dorsum
OTU_97.8938,Palatine_Tonsils
OTU_97.8964,Saliva
OTU_97.8981,Right_Retroauricular_crease
OTU_97.8987,Palatine_Tonsils
OTU_97.899,Attached_Keratinized_gingiva
OTU_97.9,Subgingival_plaque
OTU_97.9004,Posterior_fornix
OTU_97.901,Posterior_fornix
OTU_97.9029,Attached_Keratinized_gingiva
OTU_97.9036,Hard_palate
OTU_97.9050,Attached_Keratinized_gingiva
OTU_97.9050,Palatine_Tonsils
OTU_97.9059,Attached_Keratinized_gingiva
OTU_97.9059,Buccal_mucosa
OTU_97.9061,Posterior_fornix
OTU_97.9061,Palatine_Tonsils
OTU_97.9061,Right_Retroauricular_crease
OTU_97.9063,Right_Retroauricular_crease
OTU_97.9063,Anterior_nares
OTU_97.9066,Buccal_mucosa
OTU_97.9075,Supragingival_plaque
OTU_97.9077,Posterior_fornix
OTU_97.908,Attached_Keratinized_gingiva
OTU_97.908,Hard_palate
OTU_97.9082,Buccal_mucosa
OTU_97.9082,Right_Retroauricular_crease
OTU_97.9084,Buccal_mucosa
OTU_97.9084,Tongue_dorsum
OTU_97.9087,Saliva
OTU_97.9096,Subgingival_plaque
OTU_97.9097,Subgingival_plaque
OTU_97.9104,Saliva
OTU_97.9104,Anterior_nares
OTU_97.9119,Stool
OTU_97.9119,Attached_Keratinized_gingiva
OTU_97.9120,Posterior_fornix
OTU_97.9120,Palatine_Tonsils
OTU_97.9135,Palatine_Tonsils
OTU_97.9136,Throat
OTU_97.9136,Buccal_mucosa
OTU_97.9136,Left_Retroauricular_crease
OTU_97.9145,Stool
OTU_97.9145,Saliva
OTU_97.9159,Stool
OTU_97.9160,Attached_Keratinized_gingiva
OTU_97.9165,Mid_vagina
OTU_97.9168,Right_Retroauricular_crease
OTU_97.9192,Saliva
OTU_97.9192,Right_Retroauricular_crease
OTU_97.9198,Attached_Keratinized_gingiva
OTU_97.9198,Hard_palate
OTU_97.92,Mid_vagina
OTU_97.92,Buccal_mucosa
OTU_97.9215,Supragingival_plaque
OTU_97.9228,Stool
OTU_97.9228,Buccal_mucosa
OTU_97.9228,Tongue_dorsum
OTU_97.9228,Right_Retroauricular_crease
OTU_97.9235,Buccal_mucosa
OTU_97.9235,Right_Retroauricular_crease
OTU_97.9236,Subgingival_plaque
OTU_97.9236,Buccal_mucosa
OTU_97.9243,Stool
OTU_97.9243,Buccal_mucosa
OTU_97.9243,Anterior_nares
OTU_97.9249,Hard_palate
OTU_97.9249,Left_Retroauricular_crease
OTU_97.928,Left_Retroauricular_crease
OTU_97.928,Anterior_nares
OTU_97.9286,Mid_vagina
OTU_97.9298,Buccal_mucosa
OTU_97.9298,Left_Retroauricular_crease
OTU_97.931,Mid_vagina
OTU_97.9312,Palatine_Tonsils
OTU_97.9312,Hard_palate
OTU_97.9312,Right_Retroauricular_crease
OTU_97.9323,Throat
OTU_97.9323,Saliva
OTU_97.9324,Stool
OTU_97.9324,Mid_vagina
OTU_97.9324,Tongue_dorsum
OTU_97.9333,Saliva
OTU_97.9336,Throat
OTU_97.934,Throat
OTU_97.9345,Posterior_fornix
OTU_97.9347,Mid_vagina
OTU_97.9348,Buccal_mucosa
OTU_97.9353,Palatine_Tonsils
OTU_97.9358,Stool
OTU_97.9358,Hard_palate
OTU_97.9363,Palatine_Tonsils
OTU_97.9363,Right_Retroauricular_crease
OTU_97.9369,Tongue_dorsum
OTU_97.9379,Stool
OTU_97.9379,Throat
OTU_97.9379,Left_Retroauricular_crease
OTU_97.9387,Throat
OTU_97.939,Anterior_nares
OTU_97.9394,Palatine_Tonsils
OTU_97.9398,Palatine_Tonsils
OTU_97.9398,Hard_palate
OTU_97.941,Tongue_dorsum
OTU_97.9421,Hard_palate
OTU_97.9423,Posterior_fornix
OTU_97.9441,Right_Retroauricular_crease
OTU_97.9446,Saliva
OTU_97.9456,Posterior_fornix
OTU_97.9475,Saliva
OTU_97.9478,Posterior_fornix
OTU_97.9478,Right_Retroauricular_crease
OTU_97.9481,Right_Retroauricular_crease
OTU_97.9482,Anterior_nares
OTU_97.9487,Saliva
OTU_97.9487,Tongue_dorsum
OTU_97.9497,Right_Retroauricular_crease
OTU_97.95,Tongue_dorsum
OTU_97.9510,Supragingival_plaque
OTU_97.9511,Subgingival_plaque
OTU_97.9511,Saliva
OTU_97.9511,Posterior_fornix
OTU_97.9511,Buccal_mucosa
OTU_97.9511,Anterior_nares
OTU_97.9512,Supragingival_plaque
OTU_97.9535,Attached_Keratinized_gingiva
OTU_97.9537,Posterior_fornix
OTU_97.9537,Left_Retroauricular_crease
OTU_97.9556,Attached_Keratinized_gingiva
OTU_97.9557,Right_Retroauricular_crease
OTU_97.9567,Stool
OTU_97.9568,Tongue_dorsum
OTU_97.9596,Attached_Keratinized_gingiva
OTU_97.9596,Anterior_nares
OTU_97.9597,Supragingival_plaque
OTU_97.9597,Left_Retroauricular_crease
OTU_97.9599,Buccal_mucosa
OTU_97.9615,Tongue_dorsum
OTU_97.9630,Stool
OTU_97.9630,Supragingival_plaque
OTU_97.9630,Saliva
OTU_97.9630,Posterior_fornix
OTU_97.9630,Anterior_nares
OTU_97.964,Supragingival_plaque
OTU_97.9645,Buccal_mucosa
OTU_97.9663,Posterior_fornix
OTU_97.9679,Stool
OTU_97.968,Tongue_dorsum
OTU_97.9682,Throat
OTU_97.9682,Subgingival_plaque
OTU_97.9682,Palatine_Tonsils
OTU_97.9682,Tongue_dorsum
OTU_97.97,Supragingival_plaque
OTU_97.9716,Throat
OTU_97.9716,Subgingival_plaque
OTU_97.9716,Saliva
OTU_97.9720,Saliva
OTU_97.9725,Hard_palate
OTU_97.9731,Hard_palate
OTU_97.9731,Left_Retroauricular_crease
OTU_97.9731,Right_Retroauricular_crease
OTU_97.9740,Stool
OTU_97.9740,Posterior_fornix
OTU_97.9740,Palatine_Tonsils
OTU_97.9746,Palatine_Tonsils
OTU_97.975,Saliva
OTU_97.975,Buccal_mucosa
OTU_97.9754,Left_Retroauricular_crease
OTU_97.9761,Posterior_fornix
OTU_97.9764,Stool
OTU_97.9765,Tongue_dorsum
OTU_97.9765,Anterior_nares
OTU_97.9766,Saliva
OTU_97.9770,Throat
OTU_97.978,Mid_vagina
OTU_97.978,Left_Retroauricular_crease
OTU_97.9786,Tongue_dorsum
OTU_97.98,Hard_palate
OTU_97.9826,Throat
OTU_97.9826,Saliva
OTU_97.9835,Stool
OTU_97.9839,Buccal_mucosa
OTU_97.9840,Subgingival_plaque
OTU_97.9840,Supragingival_plaque
OTU_97.9840,Right_Retroauricular_crease
OTU_97.9844,Stool
OTU_97.9854,Saliva
OTU_97.9854,Palatine_Tonsils
OTU_97.9855,Posterior_fornix
OTU_97.9855,Left_Retroauricular_crease
OTU_97.9856,Posterior_fornix
OTU_97.9859,Attached_Keratinized_gingiva
OTU_97.9862,Stool
OTU_97.9884,Saliva
OTU_97.9884,Tongue_dorsum
OTU_97.9895,Left_Retroauricular_crease
OTU_97.9896,Supragingival_plaque
OTU_97.9896,Right_Retroauricular_crease
OTU_97.99,Posterior_fornix
OTU_97.99,Buccal_mucosa
OTU_97.99,Palatine_Tonsils
OTU_97.9926,Posterior_fornix
OTU_97.9926,Buccal_mucosa
OTU_97.9937,Palatine_Tonsils
OTU_97.9952,Anterior_nares
OTU_97.9959,Stool
OTU_97.9959,Posterior_fornix
OTU_97.9960,Supragingival_plaque
OTU_97.9960,Tongue_dorsum
OTU_97.997,Palatine_Tonsils
OTU_97.997,Tongue_dorsum
OTU_97.9991,Buccal_mucosa
OTU_97.9991,Palatine_Tonsils
OTU_97.9991,Tongue_dorsum
OTU_97.9993,Subgingival_plaque
OTU_97.9993,Mid_vagina
OTU_97.9994,Attached_Keratinized_gingiva
OTU_97.9994,Anterior_nares
